# 272 Vertices
v 0.525731 0 0.850651 1.01722 0 98 100 94 92 96 4294967295 1257387 1257387 1257386 1257386 1257387 0 5 99 237 38 40 250 21 97 236 32 251 101 36 95 227 226 22 34 219 14 93 218 220 13 221 17
v 0 0.850651 0.525731 0.553574 1.5708 110 108 106 104 102 4294967295 1257386 1257386 1257387 1257387 1257387 0 5 111 48 243 44 267 28 107 242 266 109 46 42 239 27 238 105 33 18 223 103 222 221 17 220 13
v -0.525731 0 0.850651 1.01722 3.14159 118 120 116 112 114 4294967295 1257387 1257387 1257387 1257386 1257386 0 5 119 244 52 241 54 19 121 245 50 240 117 43 115 224 225 20 35 223 18 222 113 218 13 219 14
v 0 -0.850651 0.525731 0.553574 -1.5708 130 128 124 122 126 4294967295 1257386 1257386 1257387 1257387 1257387 0 5 131 58 56 271 255 31 127 37 129 270 254 60 125 51 249 248 30 225 20 224 123 226 14 227 22
v 0.525731 0 -0.850651 -1.01722 0 138 136 134 132 140 4294967295 1257387 1257387 1257386 1257386 1257387 0 5 139 70 259 68 25 262 66 137 141 263 258 62 233 135 232 64 24 229 16 228 133 231 230 15 29
v 0 -0.850651 -0.525731 -0.553574 -1.5708 142 146 144 148 150 4294967295 1257387 1257387 1257387 1257386 1257386 0 5 143 76 216 12 72 212 217 149 57 145 213 63 151 74 147 268 231 29 230 269 15 270 30 271 31
v -0.525731 0 -0.850651 -1.01722 3.14159 158 160 152 154 156 4294967295 1257387 1257387 1257387 1257386 1257386 0 5 159 82 215 80 23 256 153 214 73 161 257 78 26 235 157 234 65 213 155 212 12 228 15 229 16
v 0 0.850651 -0.525731 -0.553574 1.5708 166 162 164 168 170 4294967295 1257387 1257387 1257387 1257386 1257386 0 5 167 86 79 235 264 26 171 265 45 234 163 67 232 16 165 233 84 260 24 261 169 266 27 267 28
v 0.850651 -0.525731 0 0 -0.553574 176 178 180 174 172 4294967295 1257386 1257387 1257387 1257387 1257386 0 5 177 253 69 262 88 25 173 252 39 263 179 75 268 29 181 269 59 255 254 175 31 251 22 250 21
v 0.850651 0.525731 0 0 0.553574 186 188 190 184 182 4294967295 1257387 1257386 1257387 1257386 1257387 0 5 187 85 260 71 258 24 191 261 47 259 189 89 253 25 252 185 41 239 183 238 27 237 21 236 17
v -0.850651 0.525731 0 0 2.58802 196 198 194 200 192 4294967295 1257386 1257387 1257386 1257387 1257387 0 5 197 90 81 256 247 23 195 246 53 257 199 87 201 49 264 26 265 19 241 193 240 243 28 242 18
v -0.850651 -0.525731 0 0 -2.58802 208 202 210 204 206 4294967295 1257386 1257387 1257387 1257386 1257387 0 5 91 209 247 205 246 55 83 23 215 203 214 77 12 216 211 217 61 30 249 207 248 244 19 245 20
v -0.57735 -0.57735 -0.57735 -0.61548 -2.35619 214 203 216 153 143 212 1543981 1498308 1543981 1498308 1498308 1543981 6 77 202 83 215 209 82 159 23 152 158 208 73 211 217 210 11 76 30 149 148 142 72 213 155 154 6 144 5 145 15
v 0 0.356822 0.934172 1.20593 1.5708 113 218 222 103 220 93 1498308 1543981 1543980 1498308 1543980 1498308 6 43 42 223 112 116 35 2 114 115 219 117 34 95 92 94 14 32 107 106 102 33 18 104 1 105 221 17 97 96 0
v 0 -0.356822 0.934172 1.20593 -1.5708 224 115 226 219 123 95 1543980 1498308 1543980 1543981 1498308 1498308 6 51 125 225 122 124 37 50 20 121 120 114 35 113 218 112 2 34 227 101 127 36 22 126 94 100 13 93 92 3 0
v 0 -0.356822 -0.934172 -1.20593 -1.5708 213 155 228 145 230 133 1543980 1498308 1543981 1498308 1543980 1498308 6 73 153 212 154 152 72 12 143 142 144 63 65 6 156 229 157 64 135 16 132 134 62 146 5 147 231 141 140 29 4
v 0 0.356822 -0.934172 -1.20593 1.5708 232 234 157 229 163 135 1543980 1543980 1498308 1543981 1498308 1498308 6 67 165 233 164 162 66 137 134 136 24 79 64 235 167 78 26 161 160 156 65 166 6 154 155 228 15 133 132 7 4
v 0.57735 0.57735 0.57735 0.61548 0.785398 183 236 238 105 97 221 1498308 1543981 1543981 1498308 1498308 1543981 6 182 47 190 41 184 9 239 46 185 237 191 40 99 98 96 21 32 109 27 104 108 33 102 1 220 103 0 92 93 13
v -0.57735 0.57735 0.57735 0.61548 2.35619 193 242 117 240 107 223 1498308 1543981 1498308 1543981 1498308 1543981 6 192 194 49 53 200 10 241 52 201 243 195 48 28 111 110 106 42 119 116 118 43 222 113 112 2 19 1 102 103 13
v -0.934172 0 0.356822 0.364864 3.14159 246 205 244 195 241 119 1543981 1498308 1543980 1498308 1543980 1498308 6 91 209 247 204 208 90 23 197 55 196 194 53 11 206 245 207 54 121 118 120 20 52 193 240 192 10 18 117 116 2
v -0.57735 -0.57735 0.57735 0.61548 -2.35619 248 207 245 125 121 225 1543981 1498308 1543981 1498308 1498308 1543981 6 61 211 249 210 206 60 129 30 55 124 128 51 11 204 205 244 54 119 118 120 50 19 122 3 224 123 2 114 115 14
v 0.934172 0 0.356822 0.364864 0 252 185 237 173 250 99 1543981 1498308 1543980 1498308 1543980 1498308 6 253 89 189 88 25 177 184 41 176 172 188 39 182 9 236 183 40 97 17 98 96 38 174 8 175 251 22 101 100 0
v 0.57735 -0.57735 0.57735 0.61548 -0.785398 254 175 251 127 227 101 1543981 1498308 1543981 1498308 1543981 1498308 6 255 181 58 59 31 131 174 180 39 130 126 37 250 173 172 8 38 99 21 100 98 36 3 122 123 226 14 95 94 0
v -0.934172 0 -0.356822 -0.364864 3.14159 247 209 197 215 159 256 1543981 1498308 1498308 1543980 1498308 1543980 6 91 205 246 204 208 83 90 195 196 194 19 81 203 214 202 11 82 10 198 257 199 80 12 153 152 158 161 160 6 26
v 0.57735 0.57735 -0.57735 -0.61548 0.785398 260 187 258 233 165 137 1543981 1498308 1543981 1543981 1498308 1498308 6 261 191 84 27 85 169 186 190 71 168 164 67 9 188 259 189 70 139 25 136 138 66 232 163 16 135 162 134 7 4
v 0.934172 0 -0.356822 -0.364864 0 253 189 259 177 139 262 1543981 1498308 1543980 1498308 1498308 1543980 6 89 252 185 184 188 88 173 21 71 176 172 69 9 186 187 258 70 137 136 138 24 68 8 178 263 179 140 4 141 29
v -0.57735 0.57735 -0.57735 -0.61548 2.35619 199 264 257 167 161 235 1498308 1543981 1543981 1498308 1498308 1543981 6 198 200 81 87 10 196 265 201 197 256 86 80 171 166 170 28 79 23 159 158 160 78 234 163 162 7 6 156 157 16
v 0.356822 0.934172 0 0 1.20593 261 191 239 169 109 266 1543980 1498308 1543980 1498308 1498308 1543981 6 47 190 85 84 165 260 168 164 187 24 186 45 183 238 182 9 46 17 105 104 108 44 171 267 170 7 110 1 111 28
v -0.356822 0.934172 0 0 1.93566 201 243 171 267 265 111 1498308 1543980 1498308 1543981 1543980 1498308 6 200 198 49 87 192 10 199 264 86 242 48 193 107 18 110 106 44 170 166 45 7 168 167 169 266 109 108 27 26 1
v 0.57735 -0.57735 -0.57735 -0.61548 -0.785398 268 179 263 141 147 231 1543981 1498308 1543981 1498308 1498308 1543981 6 269 75 181 74 151 31 180 178 69 146 150 63 8 176 177 262 68 25 139 138 140 62 133 230 132 4 144 5 145 15
v -0.356822 -0.934172 0 0 -1.93566 217 211 149 129 249 270 1543980 1498308 1498308 1498308 1543980 1543981 6 77 216 202 203 210 61 76 143 12 148 142 57 11 206 207 248 60 5 150 271 151 56 131 128 130 124 3 125 20 31
v 0.356822 -0.934172 0 0 -1.20593 181 269 255 151 271 131 1498308 1543980 1543980 1498308 1543981 1498308 6 180 75 178 59 174 8 179 268 74 254 175 58 29 147 146 150 57 127 22 130 126 56 149 270 148 5 30 129 128 3
v 0.398317 0.337325 0.852969 1.02165 0.702677 221 97 93 220 96 92 1443111 1536399 1536398 1443110 1481058 1481058 6 33 105 103 102 104 238 46 17 13 183 236 40 98 0 99 237 41 34 94 218 35 113 219 95 222 42 38 100 36
v 0.208478 0.644491 0.735642 0.826614 1.25794 105 220 103 221 102 104 1536398 1443111 1536399 1443110 1481058 1481058 6 108 46 1 238 47 239 183 17 109 32 97 236 42 222 13 93 96 92 218 34 113 106 223 107 43 40 48 110 44
v 0.189839 0 0.981815 1.3798 0 95 219 93 218 92 94 1536398 1443110 1536398 1443110 1481058 1481058 6 100 36 0 101 227 226 37 14 123 115 35 224 113 13 50 114 112 32 96 221 97 220 33 103 222 43 98 40 38
v -0.189839 0 0.981815 1.3798 3.14159 115 113 218 219 114 112 1536398 1536398 1443110 1443110 1481058 1481058 6 50 224 225 120 121 51 123 14 226 95 2 34 222 43 42 103 223 13 116 117 93 220 92 94 32 36 54 118 52
v 0.398317 -0.337325 0.852969 1.02165 -0.702677 95 101 227 94 226 100 1536398 1536399 1443111 1481058 1443110 1481058 6 34 92 0 219 93 218 37 14 123 115 35 224 38 98 251 250 39 175 22 99 127 254 126 122 58 32 96 51 40
v 0.208478 -0.644491 0.735642 0.826614 -1.25794 127 123 226 126 227 122 1536398 1536399 1443111 1481058 1443110 1481058 6 130 58 3 255 131 254 59 175 22 251 101 36 124 51 125 225 224 14 95 50 115 219 94 100 34 56 128 38 60
v 0.735642 -0.208478 0.644491 0.700357 -0.276155 251 101 99 250 100 98 1443110 1536398 1536399 1443110 1481059 1481058 6 39 173 21 175 172 174 59 254 22 127 227 36 94 0 226 37 95 237 41 185 236 40 97 96 252 88 34 92 32
v 0.852969 -0.398317 0.337325 0.344074 -0.436882 175 250 173 172 251 174 1536399 1443110 1536398 1481058 1443111 1481058 6 59 255 254 181 180 58 127 22 8 38 101 227 88 252 21 99 100 98 237 40 185 176 177 253 89 69 178 36 75
v 0.735642 0.208478 0.644491 0.700357 0.276155 99 237 97 98 236 96 1536399 1443110 1536399 1481059 1443110 1481059 6 41 185 21 38 251 101 250 100 39 173 0 252 183 182 184 89 17 32 92 238 105 221 93 220 33 94 36 47 34
v 0.852969 0.398317 0.337325 0.344074 0.436882 185 237 236 183 182 184 1536398 1443110 1443111 1536399 1481058 1481058 6 89 188 9 253 189 252 40 21 99 88 173 250 97 17 98 96 38 238 47 32 221 105 190 239 46 191 85 186 71
v -0.208478 0.644491 0.735642 0.826614 1.88365 223 107 103 222 106 102 1443110 1536398 1536399 1443111 1481058 1481058 6 43 117 113 112 116 13 52 240 18 193 242 48 110 1 243 49 111 33 104 105 220 221 218 93 32 35 44 108 46
v -0.398317 0.337325 0.852969 1.02165 2.43892 223 117 222 113 112 116 1443111 1536399 1443110 1536398 1481058 1481058 6 42 103 13 52 240 18 107 106 102 193 242 48 119 241 118 53 2 35 218 33 220 93 114 115 219 34 120 50 54
v 0 0.981815 0.189839 0.190998 1.5708 111 267 266 109 108 110 1536398 1443110 1443110 1536398 1481058 1481058 6 48 107 242 243 106 1 201 49 28 45 171 265 169 170 168 86 27 261 84 191 239 46 104 238 105 47 33 102 42
v 0 0.981815 -0.189839 -0.190998 1.5708 171 267 169 170 266 168 1536398 1443110 1536398 1481058 1443110 1481058 6 86 166 7 265 167 264 201 87 28 243 111 44 109 108 110 48 27 261 191 84 260 85 164 165 239 79 162 46 67
v 0.337325 0.852969 0.398317 0.409681 1.1942 109 239 238 105 104 108 1536398 1443110 1443111 1536399 1481058 1481058 6 44 110 1 47 191 27 111 267 266 261 169 45 183 17 190 182 85 41 236 97 221 33 102 220 103 32 42 106 48
v 0.644491 0.735642 0.208478 0.210019 0.851348 191 239 183 190 238 182 1536399 1443111 1536398 1481058 1443110 1481059 6 261 84 27 260 85 169 109 266 186 9 187 46 17 105 104 108 44 41 184 185 237 236 97 221 40 71 188 33 89
v -0.337325 0.852969 0.398317 0.409681 1.94739 111 107 242 243 110 106 1536398 1536399 1443111 1443110 1481058 1481058 6 44 108 1 201 49 28 267 266 109 45 171 265 42 102 223 103 222 193 18 117 240 43 192 200 53 87 46 104 33
v -0.644491 0.735642 0.208478 0.210019 2.29025 201 243 192 242 193 200 1536399 1443111 1481059 1443110 1536398 1481058 6 198 87 10 265 199 264 86 171 28 48 111 267 107 18 110 106 44 194 195 90 196 53 240 241 42 223 117 52 81
v -0.398317 -0.337325 0.852969 1.02165 -2.43892 115 224 225 120 121 114 1536398 1443110 1443111 1481058 1536399 1481058 6 51 123 14 35 113 218 219 112 226 95 2 34 125 122 124 37 20 60 248 207 245 54 119 244 118 52 116 55 43
v -0.208478 -0.644491 0.735642 0.826614 -1.88365 125 225 224 123 122 124 1536398 1443110 1443111 1536399 1481058 1481058 6 60 128 3 249 129 248 61 207 20 50 121 245 115 14 120 114 54 37 226 35 219 95 126 127 227 36 130 58 56
v -0.735642 0.208478 0.644491 0.700357 2.86544 119 241 240 117 116 118 1536399 1443110 1443110 1536399 1481059 1481059 6 54 120 2 244 55 205 19 245 53 195 121 246 193 18 194 192 90 49 242 107 223 43 222 113 112 42 35 114 50
v -0.852969 0.398317 0.337325 0.344074 2.70471 195 193 240 194 241 192 1536398 1536399 1443111 1481058 1443110 1481058 6 90 247 197 246 196 91 205 19 10 244 119 52 49 200 18 117 201 243 242 107 223 48 116 118 43 81 198 54 87
v -0.735642 -0.208478 0.644491 0.700357 -2.86544 121 245 119 244 118 120 1536398 1443110 1536399 1443110 1481058 1481059 6 207 55 20 248 125 225 50 2 114 115 224 51 61 206 205 19 204 52 116 241 240 117 53 195 246 91 43 112 35
v -0.852969 -0.398317 0.337325 0.344074 -2.70471 245 207 205 244 206 204 1443111 1536399 1536398 1443110 1481058 1481058 6 61 248 20 54 121 119 118 120 50 225 19 125 211 249 210 11 60 91 209 247 246 208 90 195 241 52 77 202 83
v 0 -0.981815 0.189839 0.190998 -1.5708 131 271 129 128 270 130 1536398 1443110 1536398 1481058 1443110 1481058 6 126 58 3 255 127 254 57 151 31 181 59 269 149 150 148 30 74 124 60 217 211 249 248 125 61 51 122 76 37
v 0 -0.981815 -0.189839 -0.190998 -1.5708 271 149 151 270 150 148 1443110 1536398 1536398 1443110 1481058 1481058 6 56 30 129 74 269 31 131 128 130 58 255 181 76 217 143 216 142 77 211 5 249 268 147 146 75 60 63 144 72
v 0.337325 -0.852969 0.398317 0.409681 -1.1942 255 131 127 254 130 126 1443110 1536398 1536399 1443111 1481058 1481058 6 181 180 75 269 59 31 175 22 174 151 271 56 128 3 129 270 57 37 122 123 226 227 251 101 36 39 124 60 51
v 0.644491 -0.735642 0.208478 0.210019 -0.851348 255 254 175 181 174 180 1443111 1443110 1536398 1536399 1481059 1481058 6 75 269 31 58 127 22 131 130 126 151 271 56 39 251 37 227 101 250 173 172 8 38 178 179 268 74 88 176 69
v -0.337325 -0.852969 0.398317 0.409681 -1.94739 249 129 248 125 124 128 1443110 1536398 1443111 1536399 1481058 1481058 6 61 211 207 210 206 77 217 30 20 56 270 149 131 271 130 3 57 55 245 121 225 51 122 224 123 50 37 126 58
v -0.644491 -0.735642 0.208478 0.210019 -2.29025 211 249 207 210 248 206 1536399 1443111 1536398 1481058 1443110 1481059 6 77 202 11 216 217 203 76 30 149 129 270 60 125 124 128 20 56 55 204 245 205 244 121 225 54 83 208 51 91
v 0.398317 -0.337325 -0.852969 -1.02165 -0.702677 141 231 133 140 230 132 1536399 1443111 1536398 1481058 1443110 1481058 6 68 263 262 139 138 69 179 29 268 147 4 63 145 144 146 74 15 228 229 65 155 64 134 135 213 136 70 72 66
v 0.208478 -0.644491 -0.735642 -0.826614 -1.25794 147 231 145 144 230 146 1536398 1443110 1536399 1481058 1443111 1481058 6 150 74 5 151 268 269 75 179 29 62 141 263 133 15 140 132 68 72 142 213 143 212 73 155 228 76 148 64 57
v 0.189839 0 -0.981815 -1.3798 0 135 229 228 133 132 134 1536398 1443110 1443110 1536398 1481058 1481058 6 66 137 233 232 136 4 67 163 16 157 65 234 155 15 78 156 154 73 213 145 230 62 140 141 231 63 138 68 70
v -0.189839 0 -0.981815 -1.3798 3.14159 229 157 155 228 156 154 1443110 1536398 1536398 1443110 1481058 1481058 6 64 15 133 78 234 16 135 132 134 66 232 163 235 161 160 79 6 73 152 213 153 212 72 145 230 62 80 158 82
v 0.398317 0.337325 -0.852969 -1.02165 0.702677 137 233 135 232 134 136 1536399 1443111 1536398 1443110 1481058 1481058 6 70 259 139 258 138 71 187 24 67 165 4 260 163 16 164 162 84 64 132 229 228 133 157 65 234 79 62 140 68
v 0.208478 0.644491 -0.735642 -0.826614 1.25794 165 233 163 164 232 162 1536398 1443110 1536399 1481058 1443111 1481058 6 84 261 169 260 168 85 187 24 7 258 137 66 16 135 70 136 134 234 235 78 157 79 166 167 229 45 170 64 86
v 0.735642 -0.208478 -0.644491 -0.700357 -0.276155 141 263 262 139 138 140 1536398 1443110 1443110 1536399 1481058 1481059 6 69 179 29 62 231 133 230 132 268 147 4 63 177 25 178 176 75 253 88 189 259 70 258 137 136 71 66 134 64
v 0.852969 -0.398317 -0.337325 -0.344074 -0.436882 263 179 177 262 178 176 1443111 1536399 1536398 1443110 1481058 1481058 6 68 25 139 75 268 29 141 138 140 62 231 147 180 8 181 269 74 88 172 253 89 252 189 173 259 70 59 174 39
v 0.735642 0.208478 -0.644491 -0.700357 0.276155 259 139 258 137 136 138 1443110 1536399 1443110 1536399 1481059 1481059 6 71 189 187 188 186 89 253 25 24 68 262 177 140 4 141 263 69 85 260 233 165 66 232 67 134 135 64 132 62
v 0.852969 0.398317 -0.337325 -0.344074 0.436882 259 189 187 258 188 186 1443110 1536398 1536399 1443111 1481058 1481058 6 89 253 25 70 139 137 136 138 24 68 262 177 184 9 252 185 88 85 190 191 261 260 84 165 233 66 41 182 47
v -0.208478 -0.644491 -0.735642 -0.826614 -1.88365 145 213 143 212 142 144 1536398 1443110 1536399 1443110 1481059 1481058 6 63 146 5 73 155 15 147 231 230 228 133 62 153 154 152 12 65 76 217 216 148 149 77 203 214 82 57 150 74
v -0.398317 -0.337325 -0.852969 -1.02165 -2.43892 213 155 153 212 154 152 1443110 1536398 1536399 1443111 1481058 1481058 6 72 12 143 145 142 144 63 15 230 65 228 133 6 156 229 157 64 214 203 215 82 83 158 159 216 76 160 78 80
v 0.337325 -0.852969 -0.398317 -0.409681 -1.1942 151 268 147 146 269 150 1536398 1443111 1536399 1481058 1443110 1481058 6 57 271 149 270 148 5 75 181 31 255 131 56 179 180 178 69 29 263 141 231 63 144 145 230 62 72 142 59 76
v 0.644491 -0.735642 -0.208478 -0.210019 -0.851348 181 179 268 180 269 178 1536399 1536398 1443110 1481058 1443111 1481059 6 59 174 8 74 151 31 255 254 175 58 131 271 69 176 29 147 263 177 262 141 231 68 146 150 63 39 172 57 88
v -0.337325 -0.852969 -0.398317 -0.409681 -1.94739 217 143 216 148 149 142 1443110 1536399 1443111 1481058 1536398 1481058 6 77 211 202 203 210 61 30 249 12 129 270 57 214 153 212 72 144 5 145 213 73 83 271 151 150 146 74 56 63
v -0.644491 -0.735642 -0.208478 -0.210019 -2.29025 211 216 202 217 203 210 1536399 1443110 1481059 1443111 1536398 1481058 6 61 11 206 76 30 149 249 207 248 129 270 60 214 12 83 143 148 142 72 212 153 215 208 209 91 204 57 82 55
v -0.398317 0.337325 -0.852969 -1.02165 2.43892 235 161 157 234 160 156 1443111 1536399 1536398 1443110 1481058 1481058 6 79 163 16 167 162 166 86 264 26 199 257 80 158 6 159 256 81 65 154 229 155 228 232 135 64 67 82 152 73
v -0.208478 0.644491 -0.735642 -0.826614 1.88365 167 235 234 163 162 166 1536398 1443110 1443111 1536399 1481058 1481058 6 86 171 265 264 170 78 26 161 7 87 199 257 157 16 160 156 80 65 229 67 232 135 165 233 164 66 168 84 45
v -0.735642 0.208478 -0.644491 -0.700357 2.86544 161 257 159 256 158 160 1536398 1443110 1536399 1443110 1481058 1481059 6 78 6 156 235 157 234 81 199 26 264 167 79 197 23 198 196 87 82 153 215 152 214 83 209 247 90 73 154 65
v -0.852969 0.398317 -0.337325 -0.344074 2.70471 257 199 197 256 198 196 1443111 1536399 1536398 1443110 1481058 1481058 6 80 23 159 87 264 26 161 158 160 78 235 167 200 10 265 201 86 90 194 247 195 246 91 209 215 82 49 192 53
v -0.735642 -0.208478 -0.644491 -0.700357 -2.86544 153 159 215 152 214 158 1536399 1536399 1443110 1481059 1443110 1481059 6 203 12 83 73 213 155 212 154 72 143 6 216 209 23 80 161 257 256 160 247 197 81 208 202 91 156 65 77 78
v -0.852969 -0.398317 -0.337325 -0.344074 -2.70471 203 214 215 208 209 202 1536399 1443111 1443110 1481058 1536398 1481058 6 82 12 153 77 211 216 217 210 143 212 11 76 159 23 152 158 73 91 247 80 256 197 205 246 204 55 206 90 61
v 0.337325 0.852969 -0.398317 -0.409681 1.1942 261 165 169 260 168 164 1443110 1536399 1536398 1443111 1481058 1481058 6 191 47 27 190 85 239 109 266 187 24 186 45 67 233 163 232 162 7 258 137 66 171 267 170 44 71 166 86 79
v 0.644491 0.735642 -0.208478 -0.210019 0.851348 191 261 187 186 260 190 1536399 1443111 1536398 1481059 1443110 1481058 6 84 27 169 47 239 183 238 182 109 266 9 46 165 168 164 24 45 71 188 259 189 258 70 137 233 184 89 67 41
v -0.337325 0.852969 -0.398317 -0.409681 1.94739 171 265 167 264 166 170 1536398 1443110 1536399 1443111 1481058 1481058 6 45 7 168 201 87 28 267 169 266 243 111 44 199 26 200 49 198 79 235 234 163 162 78 161 257 81 67 164 84
v -0.644491 0.735642 -0.208478 -0.210019 2.29025 265 199 201 264 200 198 1443111 1536398 1536399 1443110 1481058 1481059 6 86 26 167 243 49 28 171 166 170 45 267 111 81 10 196 257 197 256 161 235 80 192 242 48 193 79 194 53 90
v 0.981815 -0.189839 0 0 -0.190998 177 173 252 253 176 172 1536398 1536398 1443110 1443110 1481058 1481058 6 69 8 178 89 189 25 263 179 262 68 139 259 39 174 175 250 251 185 21 237 99 38 184 41 188 71 180 75 59
v 0.981815 0.189839 0 0 0.190998 253 189 252 185 184 188 1443110 1536398 1443110 1536398 1481058 1481058 6 88 173 21 71 25 259 177 176 172 139 262 69 9 186 187 258 70 41 237 39 250 99 182 236 183 40 47 190 85
v -0.981815 0.189839 0 0 2.95059 247 195 197 246 196 194 1443110 1536398 1536398 1443110 1481058 1481058 6 91 209 205 204 208 83 23 215 159 256 19 81 53 193 240 241 192 10 244 119 52 198 257 199 80 55 200 87 49
v -0.981815 -0.189839 0 0 -2.95059 209 247 205 246 204 208 1536398 1443110 1536398 1443110 1481058 1481058 6 83 203 214 215 202 90 23 197 159 256 11 82 195 196 194 19 81 55 206 245 207 244 54 119 241 53 210 61 77
v 0.380583 0.115254 0.917536 1.16184 0.294057 93 34 94 32 0 96 1400477 1481058 1471840 1481058 1257386 1471840 6 218 35 113 13 219 221 97 220 33 103 95 222 36 226 14 115 100 101 38 98 227 105 17 40 236 99 237
v 0.201796 0.238162 0.95003 1.25333 0.867868 92 218 32 220 34 13 1400477 1510789 1536398 1510790 1536398 1498308 6 95 219 94 100 36 0 221 97 96 98 40 35 115 113 114 112 222 43 103 14 33 105 17 236 102 104 42 226 223
v 0.380583 -0.115254 0.917536 1.16184 -0.294057 95 100 34 36 92 0 1400477 1471840 1481058 1481058 1471840 1257386 6 101 227 226 219 93 218 37 14 123 115 35 224 251 38 22 99 250 98 40 96 32 220 13 113 127 221 97
v 0.201796 -0.238162 0.95003 1.25333 -0.867868 94 36 34 226 219 14 1400477 1536398 1536398 1510790 1510789 1498308 6 100 101 38 98 0 93 218 92 227 32 96 251 22 37 127 123 115 35 220 13 113 126 122 224 51 50 114 112 225
v 0.567068 0.186485 0.802282 0.931108 0.317718 97 40 32 98 0 92 1400478 1481059 1481058 1471840 1257387 1471840 6 99 237 236 183 41 17 238 105 221 93 220 33 38 250 21 185 100 218 34 13 103 94 251 101 36 95 219
v 0.587151 0.385354 0.711868 0.792154 0.5808 96 40 236 17 32 221 1400478 1536399 1510790 1498308 1536399 1510789 6 99 237 98 93 220 92 38 0 100 94 34 250 21 41 185 183 182 238 47 184 105 239 46 104 33 218 13 103 102
v 0.682323 0 0.731051 0.819861 0 99 40 96 38 0 100 1400478 1481059 1471840 1481058 1257387 1471840 6 237 41 185 236 21 251 101 250 97 39 173 252 17 32 221 183 92 93 220 94 34 175 22 227 36 95 226
v 0.825313 0 0.564676 0.60004 0 237 38 40 250 98 21 1510789 1536399 1536399 1510789 1400478 1498308 6 41 185 236 183 182 184 89 252 97 17 96 173 251 39 175 22 101 100 227 36 94 0 32 221 92 172 174 88 253
v 0.567068 -0.186485 0.802282 0.931108 -0.317718 36 101 38 94 98 0 1481058 1400478 1481059 1471840 1471840 1257387 6 95 34 226 219 14 251 227 22 37 127 92 123 250 39 175 99 254 237 40 21 173 96 93 218 32 97 236
v 0.587151 -0.385354 0.711868 0.792154 -0.5808 100 251 38 227 36 22 1400478 1510790 1536398 1510789 1536399 1498308 6 95 94 226 99 250 98 34 92 0 40 96 39 173 21 175 172 174 59 254 127 237 37 14 123 126 122 58 219 255
v 0 0.731051 0.682323 0.750935 1.5708 42 103 33 104 106 1 1481058 1400478 1481058 1471840 1471840 1257387 6 223 43 222 117 18 107 242 48 13 220 113 110 105 221 218 93 32 238 46 17 97 108 109 44 239 111 243
v 0 0.564676 0.825313 0.970756 1.5708 102 42 222 33 13 220 1400478 1536399 1510789 1536399 1498308 1510789 6 223 107 106 105 221 104 108 46 1 48 110 43 117 18 242 113 112 116 35 218 93 238 17 32 97 34 219 92 96
v 0.186485 0.802282 0.567068 0.602942 1.34241 105 108 33 46 102 1 1400478 1471840 1481058 1481058 1471840 1257387 6 238 47 239 183 17 220 103 221 109 32 97 236 44 27 266 111 267 110 48 106 93 13 42 222 191 223 107
v 0.385354 0.711868 0.587151 0.627534 1.07464 104 238 33 46 221 17 1400478 1510789 1536398 1536399 1510790 1498308 6 108 109 44 110 1 220 103 102 239 42 106 47 191 183 190 182 27 41 236 97 32 93 13 222 266 96 92 40 237
v -0.186485 0.802282 0.567068 0.602942 1.79918 107 48 110 42 1 102 1400478 1481058 1471840 1481058 1257387 1471840 6 223 103 222 242 243 49 193 18 117 240 111 43 44 267 28 201 108 266 109 46 104 33 13 220 113 105 221
v -0.385354 0.711868 0.587151 0.627534 2.06696 106 42 242 18 48 223 1400478 1536398 1510789 1498308 1536399 1510790 6 111 243 110 44 108 1 103 222 102 104 33 43 117 13 220 113 201 49 28 192 193 200 240 53 52 116 241 267 112
v 0.115254 0.917536 0.380583 0.390427 1.44584 109 46 104 44 110 1 1400477 1481058 1471840 1481058 1471840 1257386 6 239 238 105 47 191 27 111 267 266 261 169 45 183 17 33 221 102 220 103 42 106 48 243 28 171 107 242
v 0.238162 0.95003 0.201796 0.203192 1.32517 108 46 239 44 27 266 1400477 1536398 1510790 1536398 1498308 1510789 6 238 105 104 33 102 1 111 267 110 48 106 47 191 183 17 221 190 182 261 85 169 243 28 45 171 84 260 168 170
v -0.115254 0.917536 0.380583 0.390427 1.69575 111 48 44 108 106 1 1400477 1481058 1481058 1471840 1471840 1257386 6 107 242 243 201 49 28 267 266 109 45 171 265 42 18 223 193 102 169 27 46 239 104 238 105 33 103 222
v -0.238162 0.95003 0.201796 0.203192 1.81642 48 110 243 44 267 28 1536398 1400477 1510790 1536398 1510789 1498308 6 107 106 42 242 18 223 49 193 201 108 1 102 266 109 46 104 200 87 265 192 171 45 169 27 239 170 168 86 264
v -0.380583 0.115254 0.917536 1.16184 2.84754 113 43 116 35 2 114 1400477 1481058 1471840 1481058 1257386 1471840 6 222 42 103 223 13 115 218 219 117 34 93 220 18 107 52 240 118 119 241 54 120 50 224 14 95 121 225
v -0.201796 0.238162 0.95003 1.25333 2.27372 222 112 35 43 218 13 1510790 1400477 1536398 1536398 1510789 1498308 6 223 117 116 42 107 103 106 102 33 220 18 93 52 118 2 115 219 114 120 50 224 14 34 95 240 92 94 32 221
v -0.380583 -0.115254 0.917536 1.16184 -2.84754 115 50 120 2 35 112 1400477 1481058 1471840 1257386 1481058 1471840 6 224 225 121 51 123 14 113 218 219 226 95 34 125 20 54 118 245 119 244 52 116 117 43 222 13 93 223
v -0.201796 -0.238162 0.95003 1.25333 -2.27372 50 224 35 14 114 219 1536398 1510790 1536398 1498308 1400477 1510789 6 51 123 225 125 20 121 120 54 118 2 245 112 122 124 37 226 95 113 222 43 218 13 34 93 116 227 36 94 92
v -0.567068 0.186485 0.802282 0.931108 2.82387 117 52 118 43 112 2 1400478 1481059 1471840 1481058 1471840 1257387 6 119 241 240 53 193 18 223 222 113 42 107 242 244 54 19 195 120 121 245 50 114 103 13 35 218 115 219
v -0.587151 0.385354 0.711868 0.792154 2.56079 52 240 43 223 116 18 1536399 1510790 1536399 1510789 1400478 1498308 6 119 118 244 241 54 19 53 195 193 112 2 120 194 192 49 242 107 222 42 113 103 13 35 218 114 106 102 48 243
v -0.682323 0 0.731051 0.819861 3.14159 119 54 120 52 116 2 1400478 1481058 1471840 1481059 1471840 1257387 6 244 55 205 19 245 241 240 117 53 195 121 246 20 50 225 207 114 115 224 112 35 193 18 43 223 222 113
v -0.825313 0 0.564676 0.60004 3.14159 118 244 52 241 54 19 1400478 1510789 1536399 1510789 1536399 1498308 6 121 245 120 50 2 114 240 117 116 43 112 55 207 205 206 204 91 246 195 20 53 193 18 223 194 192 90 225 247
v -0.567068 -0.186485 0.802282 0.931108 -2.82387 54 118 50 121 2 114 1481059 1471840 1481058 1400478 1257387 1471840 6 245 20 225 207 244 55 119 52 241 19 205 116 240 117 43 112 115 224 35 14 219 51 123 125 248 113 218
v -0.587151 -0.385354 0.711868 0.792154 -2.56079 54 245 20 120 50 225 1536398 1510790 1498308 1400478 1536399 1510789 6 207 244 55 119 118 52 241 19 205 116 2 114 61 206 248 204 125 249 60 124 51 224 115 112 35 14 219 123 122
v 0 -0.731051 0.682323 0.750935 -1.5708 123 124 51 37 3 126 1400478 1471840 1481058 1481058 1257387 1471840 6 125 225 224 127 226 227 36 14 95 50 115 219 60 248 20 249 129 128 56 130 121 58 254 22 101 131 255
v 0 -0.564676 0.825313 0.970756 -1.5708 122 51 37 226 224 14 1400478 1536399 1536399 1510789 1510789 1498308 6 124 125 60 128 3 225 127 126 227 130 58 248 20 50 121 115 254 22 36 95 101 94 100 219 34 120 114 35 218
v -0.186485 -0.802282 0.567068 0.602942 -1.79918 125 60 128 51 122 3 1400478 1481058 1471840 1481058 1471840 1257387 6 249 129 248 61 207 20 225 224 123 50 121 245 211 30 56 270 130 131 271 126 58 115 14 37 226 127 227
v -0.385354 -0.711868 0.587151 0.627534 -2.06696 124 60 248 51 225 20 1400478 1536399 1510789 1536398 1510790 1498308 6 249 129 128 56 130 3 224 123 122 37 126 61 211 30 270 207 210 206 55 245 121 50 115 14 226 120 114 54 244
v 0.186485 -0.802282 0.567068 0.602942 -1.34241 127 130 58 37 3 122 1400478 1471840 1481058 1481058 1257387 1471840 6 255 131 254 59 175 22 123 226 227 251 101 36 56 271 31 129 128 270 124 60 181 51 224 14 95 125 225
v 0.385354 -0.711868 0.587151 0.627534 -1.07464 126 58 254 37 22 227 1400478 1536399 1510789 1536398 1498308 1510790 6 130 131 56 128 3 255 123 226 122 124 51 181 59 31 271 175 174 180 39 251 101 224 14 36 95 250 38 100 94
v -0.115254 -0.917536 0.380583 0.390427 -1.69575 124 56 60 130 129 3 1471840 1481058 1481058 1471840 1400477 1257386 6 125 248 51 225 20 249 224 123 122 37 126 131 58 271 255 31 57 270 151 30 149 61 211 207 127 254 217
v -0.238162 -0.95003 0.201796 0.203192 -1.81642 56 128 30 60 249 270 1536398 1400477 1498308 1536398 1510790 1510789 6 131 130 58 271 255 31 57 151 124 3 149 126 125 51 122 248 217 77 211 216 76 210 61 148 207 20 225 206 150
v 0.115254 -0.917536 0.380583 0.390427 -1.44584 131 126 56 58 128 3 1400477 1471840 1481058 1481058 1471840 1257386 6 255 127 254 271 129 270 57 151 31 181 59 269 37 22 227 123 226 122 124 51 30 60 249 149 175 125 248
v 0.238162 -0.95003 0.201796 0.203192 -1.32517 130 58 56 271 255 31 1400477 1536398 1536398 1510789 1510790 1498308 6 126 127 37 3 122 129 128 270 254 124 60 181 59 22 227 175 57 151 30 249 149 150 148 74 269 180 75 174 268
v 0.380583 -0.115254 -0.917536 -1.16184 -0.294057 64 134 62 4 133 140 1481058 1471840 1481058 1257386 1400477 1471840 6 135 66 232 229 16 228 157 65 155 15 230 136 137 233 70 138 141 68 263 29 231 63 147 145 139 213 262
v 0.201796 -0.238162 -0.95003 -1.25333 -0.867868 228 132 62 230 64 15 1510789 1400477 1536398 1510790 1536398 1498308 6 229 157 65 135 16 155 156 154 73 213 134 145 66 136 4 141 231 140 138 68 263 29 63 147 144 72 146 232 212
v 0.380583 0.115254 -0.917536 -1.16184 0.294057 135 66 136 64 132 4 1400477 1481058 1471840 1481058 1471840 1257386 6 137 233 232 67 163 16 229 228 133 157 65 234 70 258 24 165 138 259 139 68 140 155 15 62 230 141 231
v 0.201796 0.238162 -0.95003 -1.25333 0.867868 66 134 232 64 229 16 1536398 1400477 1510790 1536398 1510789 1498308 6 137 70 258 233 136 24 67 165 163 132 4 138 228 133 62 140 164 162 234 79 157 65 155 15 230 78 156 154 235
v 0.567068 0.186485 -0.802282 -0.931108 0.317718 70 138 66 134 137 4 1481059 1471840 1481058 1471840 1400478 1257387 6 259 71 189 258 139 25 68 262 187 24 233 140 141 263 62 132 232 67 165 135 64 229 16 163 228 133 260
v 0.587151 0.385354 -0.711868 -0.792154 0.5808 70 258 233 136 66 24 1536399 1510790 1510789 1400478 1536399 1498308 6 259 71 189 139 25 138 68 262 187 134 4 140 188 186 85 260 165 232 67 163 16 135 164 162 84 64 132 229 261
v 0.682323 0 -0.731051 -0.819861 0 139 136 68 70 140 4 1400478 1471840 1481058 1481059 1471840 1257387 6 259 258 137 71 189 25 141 263 262 253 177 69 66 233 135 232 134 64 132 24 62 29 231 179 187 133 230
v 0.825313 0 -0.564676 -0.60004 0 70 259 138 68 25 262 1536399 1510789 1400478 1536399 1498308 1510789 6 71 189 258 187 24 137 233 136 66 134 4 140 188 186 89 253 177 141 263 62 132 29 231 69 179 252 88 176 178
v 0.567068 -0.186485 -0.802282 -0.931108 -0.317718 141 68 138 4 62 132 1400478 1481059 1471840 1257387 1481058 1471840 6 263 262 139 69 179 29 231 133 230 268 147 63 177 25 70 259 136 66 134 137 258 135 64 228 15 145 229
v 0.587151 -0.385354 -0.711868 -0.792154 -0.5808 68 263 62 29 140 231 1536398 1510790 1536399 1498308 1400478 1510789 6 262 69 179 177 25 139 70 259 138 136 4 132 178 176 75 268 147 63 230 133 228 64 15 145 134 269 74 146 144
v -0.186485 -0.802282 -0.567068 -0.602942 -1.79918 143 76 148 72 144 5 1400478 1481058 1471840 1481059 1471840 1257387 6 217 216 149 77 203 12 214 153 212 145 213 73 211 30 57 150 270 271 151 146 74 63 15 230 155 147 231
v -0.385354 -0.711868 -0.587151 -0.627534 -2.06696 76 216 12 142 72 212 1536399 1510789 1498308 1400478 1536399 1510790 6 217 77 211 30 149 203 148 57 5 150 270 144 202 210 214 83 153 215 82 73 152 213 145 63 146 15 230 155 154
v -5.0913e-09 -0.731051 -0.682323 -0.750935 -1.5708 72 142 63 146 145 5 1481058 1471840 1481058 1471840 1400478 1257387 6 213 15 230 73 212 155 143 76 216 12 153 148 217 149 57 150 147 74 268 231 29 62 141 133 151 269 228
v -5.11259e-09 -0.564676 -0.825313 -0.970756 -1.5708 144 72 213 63 15 230 1400478 1536398 1510789 1536399 1498308 1510789 6 143 212 142 76 148 5 147 231 146 150 74 73 155 216 12 153 154 152 65 228 133 268 29 62 141 229 64 132 140
v 0.186485 -0.802282 -0.567068 -0.602942 -1.34241 150 147 63 74 144 5 1471840 1400478 1481058 1481058 1471840 1257387 6 151 57 269 31 271 268 142 148 149 270 76 75 179 29 231 145 230 62 141 263 72 213 15 133 181 143 212
v 0.385354 -0.711868 -0.587151 -0.627534 -1.07464 146 74 268 63 231 29 1400478 1536399 1510789 1536398 1510790 1498308 6 150 151 5 57 148 145 144 230 269 72 142 31 271 75 179 181 180 178 69 263 141 62 213 15 133 140 132 68 262
v -0.115254 -0.917536 -0.380583 -0.390427 -1.69575 76 149 142 57 5 150 1481058 1400477 1471840 1481058 1257386 1471840 6 217 77 211 216 30 143 12 72 212 203 270 144 271 151 56 129 249 145 213 63 146 131 31 74 269 147 268
v -0.238162 -0.95003 -0.201796 -0.203192 -1.81642 76 217 148 57 270 30 1536398 1510790 1400477 1536398 1510789 1498308 6 77 211 216 143 12 142 72 212 203 5 150 144 202 210 61 249 129 271 151 146 74 56 131 31 269 128 130 60 248
v 0.115254 -0.917536 -0.380583 -0.390427 -1.44584 151 74 146 5 57 148 1400477 1481058 1471840 1257386 1481058 1471840 6 268 147 269 271 149 270 75 181 31 255 131 56 179 29 63 231 144 145 230 72 142 143 76 217 30 129 216
v 0.238162 -0.95003 -0.201796 -0.203192 -1.32517 74 57 150 269 31 271 1536398 1536398 1400477 1510790 1498308 1510789 6 268 75 179 29 147 146 63 231 144 5 181 148 270 56 131 149 76 217 30 129 142 180 178 59 255 254 58 130 128
v -0.567068 -0.186485 -0.802282 -0.931108 -2.82387 82 158 73 153 6 154 1481059 1471840 1481058 1400478 1257387 1471840 6 214 212 12 159 215 80 23 256 83 209 203 160 161 257 78 156 213 72 145 155 15 65 228 143 216 157 229
v -0.587151 -0.385354 -0.711868 -0.792154 -2.56079 214 73 212 152 82 12 1510790 1536399 1510789 1400478 1536399 1498308 6 203 77 202 83 216 215 209 159 23 158 143 208 213 72 145 155 15 154 65 228 6 156 142 144 76 80 160 256 217
v -0.380583 -0.115254 -0.917536 -1.16184 -2.84754 155 73 152 6 65 156 1400477 1481058 1471840 1257386 1481058 1471840 6 213 153 212 72 145 15 229 157 228 64 133 230 214 82 12 143 158 159 215 80 160 161 78 135 16 234 235
v -0.201796 -0.238162 -0.95003 -1.25333 -2.27372 154 73 213 65 228 15 1400477 1536398 1510790 1536398 1510789 1498308 6 153 212 152 82 158 6 160 156 229 157 78 72 145 214 12 143 142 144 63 230 133 64 135 16 234 132 134 62 231
v -0.380583 0.115254 -0.917536 -1.16184 2.84754 157 78 65 160 6 154 1400477 1481058 1481058 1471840 1257386 1471840 6 235 161 234 79 163 16 229 155 228 232 135 64 167 26 80 257 158 73 213 15 133 152 159 256 82 153 212
v -0.201796 0.238162 -0.95003 -1.25333 2.27372 78 234 156 65 16 229 1536398 1510790 1400477 1536398 1498308 1510789 6 235 79 167 26 161 160 80 257 163 158 6 154 162 166 67 232 135 155 228 152 73 64 213 15 133 66 233 134 132
v -0.682323 0 -0.731051 -0.819861 3.14159 159 82 152 80 160 6 1400478 1481059 1471840 1481058 1471840 1257387 6 153 215 214 83 209 23 161 257 256 247 197 81 73 212 12 154 203 213 155 156 65 78 26 235 199 157 234
v -0.825313 0 -0.564676 -0.60004 3.14159 82 215 80 23 158 256 1536399 1510789 1536399 1498308 1400478 1510789 6 153 214 73 212 152 12 83 209 6 154 203 160 208 202 91 247 197 161 78 257 26 235 81 199 156 90 246 196 198
v -0.567068 0.186485 -0.802282 -0.931108 2.82387 161 80 158 78 6 156 1400478 1481059 1471840 1481058 1257387 1471840 6 257 159 256 235 157 234 81 199 26 264 167 79 82 215 23 197 152 153 214 73 154 65 16 229 163 155 228
v -0.587151 0.385354 -0.711868 -0.792154 2.56079 160 80 78 257 26 235 1400478 1536398 1536399 1510790 1498308 1510789 6 159 256 158 82 152 6 157 234 156 154 65 81 199 215 23 197 79 167 16 229 163 198 196 87 264 86 265 166 162
v 0 0.731051 -0.682323 -0.750935 1.5708 163 79 166 67 7 164 1400478 1481058 1471840 1481058 1257387 1471840 6 234 235 78 157 16 165 233 232 66 135 167 229 86 264 26 161 170 171 265 45 168 84 260 24 137 169 261
v 0 0.564676 -0.825313 -0.970756 1.5708 234 67 162 232 79 16 1510789 1536399 1400478 1510789 1536399 1498308 6 235 167 78 26 161 157 160 156 65 229 166 135 165 84 260 164 24 233 137 66 168 7 86 170 134 136 64 264 228
v 0.186485 0.802282 -0.567068 -0.602942 1.34241 165 67 84 168 7 162 1400478 1481058 1481058 1471840 1257387 1471840 6 261 169 260 85 187 24 233 163 232 258 137 66 234 79 16 135 166 191 27 45 266 170 171 267 86 167 235
v 0.385354 0.711868 -0.587151 -0.627534 1.07464 84 260 67 164 24 233 1536399 1510789 1536398 1400478 1498308 1510790 6 261 191 27 85 169 45 168 266 187 7 170 162 186 190 71 258 137 232 66 163 234 79 16 135 166 259 70 136 134
v -0.186485 0.802282 -0.567068 -0.602942 1.79918 167 86 170 79 162 7 1400478 1481058 1471840 1481058 1471840 1257387 6 171 265 264 235 234 163 78 26 161 87 199 257 45 28 267 201 168 169 266 164 84 157 16 67 232 165 233
v -0.385354 0.711868 -0.587151 -0.627534 2.06696 86 79 235 166 264 26 1536399 1536398 1510790 1400478 1510789 1498308 6 171 170 265 45 28 267 201 87 199 162 7 168 234 78 161 157 163 16 67 232 164 160 156 257 80 200 198 81 256
v 0.115254 0.917536 -0.380583 -0.390427 1.44584 169 164 45 84 7 170 1400477 1471840 1481058 1481058 1257386 1471840 6 261 191 27 260 85 171 267 266 165 44 109 239 67 24 233 163 232 162 166 79 86 265 28 111 187 167 264
v 0.238162 0.95003 -0.201796 -0.203192 1.32517 261 45 168 84 266 27 1510790 1536398 1400477 1536398 1510789 1498308 6 191 47 190 85 239 165 260 164 109 187 24 186 171 170 86 265 28 267 44 111 166 7 67 162 233 108 110 46 238
v -0.115254 0.917536 -0.380583 -0.390427 1.69575 86 166 171 45 7 168 1481058 1471840 1400477 1481058 1257386 1471840 6 265 28 267 264 201 87 167 79 235 26 199 162 234 163 67 164 169 266 243 111 44 261 84 27 109 165 260
v -0.238162 0.95003 -0.201796 -0.203192 1.81642 170 86 265 45 28 267 1400477 1536398 1510790 1536398 1498308 1510789 6 167 264 166 79 162 7 169 266 168 164 84 201 87 235 26 199 200 243 49 198 111 44 261 27 109 242 48 110 108
v 0.917536 -0.380583 0.115254 0.115511 -0.393189 173 88 39 174 176 8 1400477 1481058 1481058 1471840 1471840 1257386 6 177 252 253 175 250 251 185 89 21 237 99 38 69 262 25 189 178 59 254 22 101 180 255 181 75 263 179
v 0.95003 -0.201796 0.238162 0.240473 -0.2093 172 88 39 252 21 250 1400477 1536398 1536398 1510789 1498308 1510790 6 177 253 176 175 251 174 59 180 8 69 178 262 25 185 89 189 254 22 38 99 101 184 41 237 188 236 40 98 100
v 0.802282 -0.567068 0.186485 0.187583 -0.615288 175 59 180 39 172 8 1400478 1481059 1471840 1481058 1471840 1257387 6 255 254 181 58 127 22 250 173 251 38 101 227 31 131 75 269 178 179 268 69 176 99 21 88 252 177 253
v 0.711868 -0.587151 0.385354 0.395592 -0.689683 59 254 39 174 251 22 1536398 1510790 1536399 1400478 1510789 1498308 6 255 181 58 31 131 127 180 75 269 172 8 178 130 126 37 227 101 250 173 38 99 21 88 252 176 100 98 36 226
v 0.917536 -0.380583 -0.115254 -0.115511 -0.393189 177 88 172 69 8 178 1400477 1481058 1471840 1481058 1257386 1471840 6 253 89 252 189 25 263 179 262 68 139 173 259 39 21 250 185 174 175 251 59 180 141 29 75 268 181 269
v 0.95003 -0.201796 -0.238162 -0.240473 -0.2093 176 253 69 262 88 25 1400477 1510789 1536398 1510790 1536398 1498308 6 173 252 172 39 174 8 263 179 178 180 75 89 189 185 184 188 21 71 259 139 68 141 29 268 138 140 70 250 258
v 0.802282 -0.567068 -0.186485 -0.187583 -0.615288 179 75 180 69 8 176 1400478 1481059 1471840 1481058 1257387 1471840 6 181 268 269 74 29 147 263 177 262 141 231 68 59 255 31 174 151 254 175 39 172 253 88 25 139 173 252
v 0.711868 -0.587151 -0.385354 -0.395592 -0.689683 178 75 268 69 29 263 1400478 1536398 1510790 1536399 1498308 1510789 6 181 180 269 59 174 8 177 262 176 172 88 255 31 74 147 151 146 150 141 231 63 68 253 25 139 62 140 230 138
v 0.731051 -0.682323 0 0 -0.750935 75 178 59 181 174 8 1481058 1471840 1481058 1400478 1471840 1257387 6 269 255 31 179 268 69 29 263 74 147 151 176 177 262 172 88 254 58 131 175 127 22 39 251 271 250 173
v 0.564676 -0.825313 0 0 -0.970756 180 75 269 59 255 31 1400478 1536399 1510789 1536399 1510789 1498308 6 179 268 178 69 8 176 254 175 174 39 172 29 263 74 147 151 146 150 57 271 131 58 127 22 251 130 126 56 270
v 0.802282 0.567068 0.186485 0.187583 0.615288 47 183 190 41 184 9 1481059 1400478 1471840 1481058 1471840 1257387 6 191 261 27 85 239 238 46 109 17 236 186 105 185 237 97 221 40 187 260 71 188 89 252 21 99 253 189
v 0.711868 0.587151 0.385354 0.395592 0.689683 182 238 41 17 47 236 1400478 1510790 1536399 1498308 1536398 1510789 6 191 239 190 85 186 9 185 237 184 89 188 46 109 27 105 104 108 97 221 33 252 21 40 99 96 32 220 261 98
v 0.917536 0.380583 0.115254 0.115511 0.393189 185 89 188 41 182 9 1400477 1481058 1471840 1481058 1471840 1257386 6 253 189 252 237 236 183 40 21 99 88 173 250 25 177 71 259 186 187 258 190 85 97 17 238 47 191 239
v 0.95003 0.201796 0.238162 0.240473 0.2093 184 89 41 237 252 21 1400477 1536398 1536398 1510790 1510789 1498308 6 253 189 188 71 9 186 236 183 182 47 190 88 25 177 259 173 40 99 97 17 238 98 96 250 38 176 172 39 251
v 0.802282 0.567068 -0.186485 -0.187583 0.615288 187 85 190 71 9 188 1400478 1481059 1471840 1481058 1257387 1471840 6 191 261 260 84 165 24 259 189 258 70 137 233 47 27 239 169 182 183 238 184 41 139 25 89 253 185 252
v 0.711868 0.587151 -0.385354 -0.395592 0.689683 186 85 260 71 258 24 1400478 1536398 1510790 1536399 1510789 1498308 6 191 261 190 47 9 182 259 189 188 184 89 27 239 84 169 165 168 164 67 233 137 70 139 25 253 136 138 66 232
v 0.917536 0.380583 -0.115254 -0.115511 0.393189 189 89 71 184 9 186 1400477 1481058 1481058 1471840 1257386 1471840 6 253 252 185 88 25 177 259 187 258 139 262 70 173 21 41 237 182 85 260 24 137 190 236 183 47 191 261
v 0.95003 0.201796 -0.238162 -0.240473 0.2093 188 89 253 71 25 259 1400477 1536398 1510789 1536398 1498308 1510790 6 252 185 184 187 258 186 41 182 9 190 85 88 177 173 21 237 176 172 139 262 69 70 260 24 137 138 68 263 136
v 0.731051 0.682323 0 0 0.750935 85 186 47 191 9 182 1481058 1471840 1481058 1400478 1257387 1471840 6 261 27 239 84 260 169 187 71 258 24 188 165 259 189 184 89 238 46 109 183 41 17 236 105 266 185 237
v 0.564676 0.825313 0 0 0.970756 261 47 27 190 85 239 1510789 1536399 1498308 1400478 1536399 1510789 6 84 165 169 260 168 164 109 266 187 24 186 45 238 46 183 182 41 17 236 9 105 184 108 44 267 71 188 258 104
v -0.802282 0.567068 0.186485 0.187583 2.5263 194 49 193 53 200 10 1471840 1481059 1400478 1481058 1471840 1257387 6 195 90 246 19 241 247 197 196 81 198 240 201 87 265 243 28 242 48 111 107 18 52 117 223 119 199 264
v -0.711868 0.587151 0.385354 0.395592 2.45191 192 240 49 53 18 242 1400478 1510789 1536398 1536399 1498308 1510790 6 194 195 90 196 10 201 243 200 241 198 87 52 119 19 117 116 118 107 223 43 265 28 48 111 246 106 42 222 110
v -0.917536 0.380583 0.115254 0.115511 2.7484 195 90 196 53 10 192 1400477 1481058 1471840 1481058 1257386 1471840 6 247 197 246 91 205 19 193 240 241 244 119 52 209 23 81 256 198 257 199 200 87 49 18 242 117 201 243
v -0.95003 0.201796 0.238162 0.240473 2.93229 90 246 53 194 19 241 1536398 1510789 1536398 1400477 1498308 1510790 6 247 91 209 23 197 196 81 256 205 10 198 192 204 208 55 244 119 193 240 49 18 242 52 117 200 54 245 118 116
v -0.917536 0.380583 -0.115254 -0.115511 2.7484 197 90 194 81 10 198 1400477 1481058 1471840 1481058 1257386 1471840 6 247 195 246 257 199 256 80 23 159 91 209 215 53 19 241 205 192 193 240 200 49 161 26 87 264 201 265
v -0.95003 0.201796 -0.238162 -0.240473 2.93229 196 90 81 256 247 23 1400477 1536398 1536398 1510790 1510789 1498308 6 195 246 194 53 10 192 257 199 198 200 87 91 209 19 241 205 80 161 26 264 159 158 160 215 82 204 208 83 214
v -0.802282 0.567068 -0.186485 -0.187583 2.5263 200 81 199 87 10 196 1471840 1481058 1400478 1481059 1257387 1471840 6 201 265 243 49 28 192 242 193 264 194 53 257 256 80 161 26 197 90 247 23 159 86 167 235 171 195 246
v -0.711868 0.587151 -0.385354 -0.395592 2.45191 198 87 81 264 26 257 1400478 1536398 1536399 1510790 1498308 1510789 6 200 201 49 192 10 197 256 196 265 194 90 86 171 28 243 167 80 161 247 23 159 166 170 235 79 160 78 234 158
v -0.731051 0.682323 0 0 2.39066 201 198 49 87 192 10 1400478 1471840 1481058 1481058 1471840 1257387 6 265 199 264 86 171 28 243 242 48 111 193 267 81 257 197 256 196 26 194 90 53 107 18 240 167 195 241
v -0.564676 0.825313 0 0 2.17084 200 87 265 243 49 28 1400478 1536399 1510789 1510789 1536399 1498308 6 198 81 199 10 196 192 242 193 264 194 53 86 171 26 257 167 166 170 45 267 111 48 107 18 110 106 44 240 266
v -0.802282 -0.567068 -0.186485 -0.187583 -2.5263 83 208 203 77 210 11 1481058 1471840 1400478 1481059 1471840 1257387 6 214 12 216 215 82 153 209 159 23 91 204 247 205 246 55 206 211 217 143 212 76 61 30 249 149 207 248
v -0.711868 -0.587151 -0.385354 -0.395592 -2.45191 214 77 12 202 83 216 1510789 1536398 1498308 1400478 1536399 1510790 6 215 209 82 159 23 153 152 158 143 212 208 73 211 210 217 61 30 249 76 11 149 206 142 72 213 91 204 247 148
v -0.917536 -0.380583 0.115254 0.115511 -2.7484 205 91 208 55 11 206 1400477 1481058 1471840 1481058 1257386 1471840 6 209 247 246 90 195 19 245 207 244 54 119 241 83 23 215 197 202 210 203 214 77 121 20 61 248 211 249
v -0.95003 -0.201796 0.238162 0.240473 -2.93229 91 204 246 55 244 19 1536398 1400477 1510789 1536398 1510790 1498308 6 209 83 247 23 208 215 90 197 195 11 206 202 245 207 210 61 196 194 53 241 119 54 121 20 248 118 120 52 240
v -0.802282 -0.567068 0.186485 0.187583 -2.5263 61 210 55 207 11 204 1481059 1471840 1481058 1400478 1257387 1471840 6 211 77 217 30 249 60 248 129 20 245 202 125 216 203 83 208 54 121 244 205 91 246 19 119 225 209 247
v -0.711868 -0.587151 0.385354 0.395592 -2.45191 61 206 248 55 20 245 1536398 1400478 1510790 1536399 1498308 1510789 6 211 210 77 217 30 249 60 129 202 11 125 204 205 244 208 91 124 128 121 225 51 54 246 19 119 120 50 224 118
v -0.917536 -0.380583 -0.115254 -0.115511 -2.7484 91 204 11 209 83 202 1481058 1471840 1257386 1400477 1481058 1471840 6 247 23 215 90 246 197 205 55 244 19 195 206 245 207 210 61 203 77 211 214 159 256 82 12 216 153 217
v -0.95003 -0.201796 -0.238162 -0.240473 -2.93229 91 83 247 23 208 215 1536398 1536398 1510789 1498308 1400477 1510790 6 90 246 197 205 204 55 244 19 195 11 206 202 203 214 77 12 216 82 153 159 210 196 194 256 81 80 158 257 152
v -0.731051 -0.682323 0 0 -2.39066 211 77 202 61 11 206 1400478 1481058 1471840 1481058 1257387 1471840 6 216 217 203 76 30 149 249 207 248 129 270 60 143 12 83 208 214 215 209 91 204 55 20 245 125 205 244
v -0.564676 -0.825313 0 0 -2.17084 210 77 217 61 30 249 1400478 1536399 1510789 1536399 1498308 1510789 6 216 202 203 83 208 11 207 248 206 204 55 76 143 12 149 214 148 142 129 270 57 60 20 245 125 56 128 271 124
v -0.405572 -0.534018 -0.741846 -0.83582 -2.22033 153 72 12 213 73 143 1510789 1443110 1543981 1561132 1443111 1510790 6 214 203 215 82 83 155 154 152 158 6 159 216 145 144 63 15 230 76 142 148 5 146 77 202 217 65 228 133 156 149
v -0.207829 -0.458486 -0.864059 -1.04328 -1.99639 73 212 72 145 155 15 1443110 1561132 1443110 1510789 1510790 1543980 6 154 65 228 153 214 152 82 12 143 6 156 158 142 144 203 216 76 63 230 148 5 146 147 231 133 62 229 157 64 132
v -0.741846 -0.405572 -0.534018 -0.563346 -2.64128 203 215 82 12 83 153 1510789 1561132 1443110 1543981 1443111 1510790 6 77 211 216 202 217 210 143 212 208 11 209 76 91 247 23 159 152 158 80 256 197 73 6 154 160 142 72 213 204 155
v -0.864059 -0.207829 -0.458486 -0.476291 -2.90555 214 83 209 82 159 23 1561132 1443110 1510790 1443110 1510789 1543980 6 203 77 12 202 216 153 152 158 143 212 208 73 91 204 11 247 210 205 246 90 197 256 80 6 154 160 161 257 81 196
v -0.534018 -0.741846 -0.405572 -0.417605 -2.19472 217 77 203 76 143 12 1561132 1443110 1510790 1443111 1510789 1543981 6 211 202 210 61 30 249 148 149 142 129 270 57 83 208 11 214 206 215 82 153 212 209 72 5 150 144 145 213 73 152
v -0.458486 -0.864059 -0.207829 -0.209355 -2.05864 77 211 216 76 30 149 1443111 1510789 1561132 1443110 1543980 1510790 6 210 61 249 203 143 12 202 83 208 11 214 206 207 248 129 270 60 148 142 72 212 153 57 5 150 144 56 128 271 151
v 0 0.122212 0.992504 1.44828 1.5708 35 113 34 13 219 93 1443110 1510789 1443110 1543981 1561133 1510789 6 115 50 224 14 114 222 112 43 95 120 2 116 42 103 223 117 220 94 36 226 92 32 0 96 100 102 33 221 123 97
v 0 -0.122212 0.992504 1.44828 -1.5708 218 115 34 95 35 14 1561133 1510789 1443110 1510789 1443110 1543981 6 113 114 112 222 43 13 93 92 94 103 220 32 50 224 225 120 121 51 123 226 2 36 0 96 100 101 227 37 116 122
v 0.207829 0.458486 0.864059 1.04328 1.14521 33 103 221 32 93 13 1443111 1510789 1561132 1443110 1510790 1543980 6 105 104 238 46 17 102 42 222 97 106 1 108 223 107 43 113 218 96 92 183 236 40 34 98 0 94 35 219 95 112
v 0.405572 0.534018 0.741846 0.83582 0.92126 33 105 32 220 17 97 1443110 1510790 1443111 1561132 1543981 1510789 6 104 238 46 103 93 13 102 42 222 106 1 108 47 239 183 109 236 96 40 92 218 34 98 0 94 113 182 41 237 99
v -0.207829 0.458486 0.864059 1.04328 1.99639 43 113 42 103 223 13 1443110 1510790 1443111 1510789 1561132 1543980 6 117 18 107 52 240 116 112 35 218 2 114 118 115 219 34 93 220 106 242 48 102 33 110 1 104 105 221 32 193 92
v -0.405572 0.534018 0.741846 0.83582 2.22033 43 222 117 42 18 107 1443111 1561132 1510789 1443110 1543981 1510790 6 52 240 116 113 103 13 112 35 218 2 114 118 106 102 33 220 93 119 241 53 193 242 48 110 1 104 192 49 243 111
v -0.207829 -0.458486 0.864059 1.04328 -1.99639 51 123 225 50 115 14 1443111 1510789 1561132 1443110 1510790 1543980 6 125 124 60 248 20 121 122 37 226 3 126 128 127 227 36 95 219 120 114 207 245 54 35 118 2 112 113 218 34 94
v -0.405572 -0.534018 0.741846 0.83582 -2.22033 224 50 125 20 51 121 1561132 1443111 1510790 1543981 1443110 1510789 6 123 122 124 37 226 14 115 120 114 35 219 95 54 118 2 245 112 60 128 3 249 129 248 61 207 206 55 244 126 119
v 0.207829 -0.458486 0.864059 1.04328 -1.14521 227 37 36 14 123 95 1561132 1443111 1443110 1543980 1510789 1510790 6 127 126 122 101 100 251 38 22 58 254 94 175 51 224 130 3 124 34 219 92 0 98 225 50 115 35 114 218 125 93
v 0.405572 -0.534018 0.741846 0.83582 -0.92126 226 37 101 127 36 22 1561132 1443110 1510789 1510790 1443111 1543981 6 123 126 122 95 94 100 14 224 115 219 51 34 58 254 130 3 124 38 98 0 251 250 39 175 99 255 131 59 92 174
v 0 -0.122212 -0.992504 -1.44828 -1.5708 229 65 155 64 15 133 1561133 1443110 1510789 1443110 1543981 1510789 6 157 78 234 156 16 135 132 134 154 66 232 163 73 213 160 6 152 153 212 72 145 230 62 4 140 136 144 63 231 141
v 0 0.122212 -0.992504 -1.44828 1.5708 228 157 64 65 135 16 1561133 1510789 1443110 1443110 1510789 1543981 6 155 156 154 73 213 15 133 132 134 145 230 62 78 235 161 234 160 79 163 6 232 66 4 140 136 152 137 233 67 162
v 0.207829 -0.458486 -0.864059 -1.04328 -1.14521 145 62 231 63 133 15 1510789 1443110 1561132 1443111 1510790 1543980 6 144 72 142 146 5 213 143 212 73 155 147 228 141 68 263 29 140 132 64 138 4 134 74 268 179 150 229 65 135 154
v 0.405572 -0.534018 -0.741846 -0.83582 -0.92126 63 147 230 62 29 141 1443110 1510790 1561132 1443111 1543981 1510789 6 146 74 268 145 144 72 213 15 142 5 133 150 151 269 75 179 263 140 132 228 64 155 68 138 4 134 178 69 262 139
v 0.207829 0.458486 -0.864059 -1.04328 1.14521 67 66 233 163 16 135 1443111 1443110 1561132 1510789 1543980 1510790 6 165 84 260 164 24 137 234 162 79 168 7 166 70 258 136 134 64 229 132 4 138 187 235 78 157 167 156 65 228 133
v 0.405572 0.534018 -0.741846 -0.83582 0.92126 232 67 165 137 66 24 1561132 1443110 1510790 1510789 1443111 1543981 6 163 164 162 135 134 136 234 79 16 157 229 64 84 260 168 7 166 261 169 85 187 258 70 259 139 138 71 4 132 186
v -0.207829 0.458486 -0.864059 -1.04328 1.99639 235 78 157 79 163 16 1561132 1443110 1510790 1443111 1510789 1543980 6 167 162 166 86 264 26 161 160 156 199 257 80 65 229 158 6 154 155 228 232 135 64 67 7 164 170 165 233 66 134
v -0.405572 0.534018 -0.741846 -0.83582 2.22033 234 79 167 78 26 161 1561132 1443110 1510790 1443111 1543981 1510789 6 157 160 156 65 16 229 163 162 166 67 232 135 86 264 7 164 170 171 265 87 199 257 80 158 6 154 198 81 256 159
v 0.741846 0.405572 0.534018 0.563346 0.500311 183 40 237 41 97 17 1510789 1443110 1561132 1443111 1510790 1543981 6 182 47 190 184 9 238 239 46 105 185 221 191 99 38 250 98 21 96 32 0 100 92 89 252 173 188 93 220 33 104
v 0.864059 0.207829 0.458486 0.476291 0.236042 41 185 236 40 21 99 1443110 1510790 1561132 1443110 1543980 1510789 6 184 89 252 183 97 17 182 238 47 190 9 188 253 189 88 173 250 98 96 32 221 105 38 0 100 92 172 39 251 101
v 0.534018 0.741846 0.405572 0.417605 0.946872 47 239 183 46 17 105 1443110 1561132 1510790 1443111 1543981 1510789 6 191 261 27 190 85 109 182 41 236 186 9 184 104 108 44 266 169 185 237 97 221 40 33 102 1 110 96 32 220 103
v 0.458486 0.864059 0.207829 0.209355 1.08295 238 47 191 46 109 27 1561132 1443111 1510789 1443110 1510790 1543980 6 183 190 182 41 17 236 105 104 108 97 221 33 261 85 186 9 184 84 260 169 266 187 44 102 1 110 111 267 45 168
v -0.741846 0.405572 0.534018 0.563346 2.64128 241 52 53 193 18 117 1561132 1443110 1443111 1510789 1543981 1510790 6 195 194 192 90 246 19 119 116 118 244 54 205 43 223 112 2 120 49 242 196 10 200 201 243 107 48 106 42 222 113
v -0.864059 0.207829 0.458486 0.476291 2.90555 240 53 195 52 119 19 1561132 1443110 1510790 1443110 1510789 1543980 6 117 116 118 193 194 192 49 18 242 107 223 43 90 246 196 10 200 247 197 91 205 244 54 112 2 120 55 245 121 204
v -0.534018 0.741846 0.405572 0.417605 2.19472 243 49 48 107 193 18 1561132 1443110 1443111 1510789 1510790 1543981 6 201 200 87 265 28 192 171 267 111 110 106 44 194 53 10 240 198 42 223 108 1 102 103 222 117 43 241 52 195 116
v -0.458486 0.864059 0.207829 0.209355 2.05864 242 201 49 28 48 111 1561132 1510789 1443111 1543980 1443110 1510790 6 192 193 200 107 110 106 42 18 223 240 53 117 198 87 10 265 199 264 86 171 267 194 170 45 44 266 108 1 102 109
v -0.864059 -0.207829 0.458486 0.476291 -2.90555 55 205 54 19 245 119 1443110 1510790 1443110 1543980 1561132 1510789 6 207 121 20 61 206 248 91 204 246 210 11 208 209 247 90 195 241 120 50 225 118 52 116 2 114 53 194 240 125 117
v -0.741846 -0.405572 0.534018 0.563346 -2.64128 207 54 121 244 55 20 1510789 1443110 1510790 1561132 1443111 1543981 6 61 211 249 210 248 206 11 204 60 125 205 225 120 50 119 118 52 241 19 116 2 114 115 224 51 91 246 195 208 124
v -0.992504 0 0.122212 0.122519 3.14159 91 247 205 90 195 19 1443110 1561133 1510789 1443110 1510789 1543981 6 209 83 23 208 215 197 204 55 244 11 206 202 196 194 159 256 81 245 207 54 119 241 53 10 198 192 193 240 52 118
v -0.992504 0 -0.122212 -0.122519 3.14159 91 209 90 23 246 197 1443110 1510789 1443110 1543981 1561133 1510789 6 83 208 215 205 204 55 244 19 195 11 206 202 203 214 159 256 82 53 194 241 196 81 10 198 192 80 158 257 119 199
v -0.534018 -0.741846 0.405572 0.417605 -2.19472 61 249 207 60 20 125 1443110 1561132 1510790 1443111 1543981 1510789 6 211 210 77 217 30 129 206 55 245 202 11 204 124 128 56 270 149 205 244 121 225 54 51 122 3 130 120 50 224 123
v -0.458486 -0.864059 0.207829 0.209355 -2.05864 61 211 60 248 129 30 1443111 1510789 1443110 1561132 1510790 1543980 6 210 77 217 207 206 55 20 245 202 11 125 204 216 203 76 149 270 56 128 124 51 225 122 3 130 121 131 271 57 148
v 0.864059 -0.207829 0.458486 0.476291 -0.236042 251 39 173 38 99 21 1561132 1443110 1510790 1443110 1510789 1543980 6 175 172 174 59 254 22 127 227 101 100 98 36 88 252 176 8 180 177 253 185 89 237 40 94 0 96 41 236 97 184
v 0.741846 -0.405572 0.534018 0.563346 -0.500311 250 39 175 22 38 101 1561132 1443111 1510789 1543981 1443110 1510790 6 173 172 174 88 252 21 99 100 98 237 40 185 59 254 176 8 180 255 181 58 127 227 126 37 226 36 94 0 96 95
v 0.992504 0 0.122212 0.122519 0 253 185 88 89 173 21 1561133 1510789 1443110 1443110 1510789 1543981 6 189 184 188 71 25 259 177 176 172 139 262 69 41 182 9 237 236 183 40 99 250 39 8 178 174 186 175 251 38 98
v 0.992504 0 -0.122212 -0.122519 0 89 252 189 88 25 177 1443110 1561133 1510789 1443110 1543981 1510789 6 188 71 259 185 173 21 184 41 237 182 9 186 176 172 39 250 99 187 258 139 262 70 69 8 178 174 138 68 263 179
v 0.534018 -0.741846 0.405572 0.417605 -0.946872 255 59 175 58 127 22 1561132 1443110 1510790 1443111 1510789 1543981 6 181 180 75 269 31 131 130 126 174 151 271 56 39 251 172 8 178 250 173 38 101 227 37 128 3 122 123 226 36 100
v 0.458486 -0.864059 0.207829 0.209355 -1.08295 181 254 58 59 31 131 1510789 1561132 1443110 1443111 1543980 1510790 6 180 75 178 174 8 179 268 269 74 151 175 271 39 251 22 127 130 126 37 227 101 56 128 3 122 172 57 150 270 129
v -0.864059 0.207829 -0.458486 -0.476291 2.90555 81 197 80 23 257 159 1443110 1510790 1443110 1543980 1561132 1510789 6 199 161 26 198 87 264 196 90 247 200 10 194 195 246 91 209 215 160 78 235 82 158 152 6 156 83 208 214 167 153
v -0.741846 0.405572 -0.534018 -0.563346 2.64128 256 81 199 80 161 26 1561132 1443111 1510789 1443110 1510790 1543981 6 197 198 196 90 247 23 159 158 160 209 215 82 87 264 200 10 194 265 201 86 167 235 78 152 6 156 157 234 79 166
v 0.741846 0.405572 -0.534018 -0.563346 0.500311 71 187 259 70 24 137 1443111 1510789 1561132 1443110 1543981 1510790 6 189 139 25 188 89 253 186 85 260 184 9 190 191 261 84 165 233 136 138 68 262 177 66 134 4 140 232 67 164 135
v 0.864059 0.207829 -0.458486 -0.476291 0.236042 71 189 70 258 139 25 1443110 1510790 1443110 1561132 1510789 1543980 6 188 89 253 187 186 85 260 24 137 184 9 190 252 185 88 177 262 138 68 233 136 66 134 4 140 165 141 263 69 176
v 0.534018 0.741846 -0.405572 -0.417605 0.946872 261 85 187 84 165 24 1561132 1443110 1510790 1443111 1510789 1543981 6 191 47 27 190 239 169 168 164 109 266 186 45 71 258 9 188 182 259 189 70 137 233 67 7 170 162 163 232 66 136
v 0.458486 0.864059 -0.207829 -0.209355 1.08295 191 84 27 260 85 169 1510789 1443110 1543980 1561132 1443111 1510790 6 47 239 183 190 238 182 109 266 186 9 187 46 165 67 164 24 233 45 168 7 170 162 108 44 267 71 258 137 188 171
v 0.864059 -0.207829 -0.458486 -0.476291 -0.236042 177 68 263 25 69 139 1510790 1443110 1561132 1543980 1443110 1510789 6 176 88 172 8 178 253 89 252 189 179 173 259 141 62 29 140 231 70 138 136 4 132 75 268 147 188 71 258 180 137
v 0.741846 -0.405572 -0.534018 -0.563346 -0.500311 262 69 179 68 141 29 1561132 1443111 1510789 1443110 1510790 1543981 6 177 176 253 88 25 139 138 140 189 259 178 70 75 268 180 8 172 181 269 74 147 231 62 136 4 132 133 230 63 146
v -0.534018 0.741846 -0.405572 -0.417605 2.19472 87 199 86 26 265 167 1443110 1510790 1443111 1543981 1561132 1510789 6 201 171 28 198 81 257 200 243 49 192 10 196 197 256 161 235 80 170 45 267 79 166 162 7 168 160 78 234 111 163
v -0.458486 0.864059 -0.207829 -0.209355 2.05864 264 201 86 87 171 28 1561132 1510789 1443110 1443111 1510790 1543980 6 199 200 198 81 26 257 167 166 170 161 235 79 49 192 10 243 242 48 111 193 267 45 162 7 168 196 169 266 44 110
v 0.122212 0.992504 0 0 1.44828 45 267 169 44 27 109 1443110 1561133 1510789 1443110 1543981 1510789 6 171 170 86 265 28 111 261 168 84 166 7 164 108 110 48 243 201 191 260 85 165 239 46 104 1 106 47 190 238 105
v -0.122212 0.992504 0 0 1.69332 45 171 44 111 266 28 1443110 1510789 1443110 1510789 1561133 1543981 6 170 86 265 169 261 168 84 27 166 7 109 164 167 264 201 87 243 48 110 108 46 239 104 1 106 107 242 49 191 200
v 0.534018 -0.741846 -0.405572 -0.417605 -0.946872 269 75 179 74 29 147 1561132 1443110 1510790 1443111 1543981 1510789 6 181 180 178 59 255 31 151 146 150 57 271 131 69 263 174 8 176 177 262 141 231 68 63 144 5 148 62 140 230 145
v 0.458486 -0.864059 -0.207829 -0.209355 -1.08295 268 75 181 74 151 31 1561132 1443111 1510789 1443110 1510790 1543980 6 179 180 178 69 29 263 147 146 150 141 231 63 59 255 174 8 176 254 175 58 131 271 57 144 5 148 149 270 56 130
v -0.122212 -0.992504 0 0 -1.69332 271 57 56 149 30 129 1561133 1443110 1443110 1510789 1543981 1510789 6 151 150 148 74 269 31 131 128 130 58 255 181 76 217 146 5 142 60 249 124 3 126 143 216 77 211 210 61 248 125
v 0.122212 -0.992504 0 0 -1.44828 57 270 151 56 131 31 1443110 1561133 1510789 1443110 1510789 1543981 6 149 76 217 148 30 74 150 269 129 146 5 142 128 130 211 249 60 268 147 75 181 255 58 124 3 126 127 254 59 180
# 540 Faces
f 97 93 1
f 93 97 33
f 1 93 95
f 35 95 93
f 1 95 101
f 37 101 95
f 101 99 1
f 99 101 39
f 99 97 1
f 97 99 41
f 2 103 105
f 34 105 103
f 107 103 2
f 103 107 43
f 2 109 111
f 45 111 109
f 2 105 109
f 47 109 105
f 111 107 2
f 107 111 49
f 115 113 3
f 113 115 36
f 3 113 117
f 44 117 113
f 121 115 3
f 115 121 51
f 3 117 119
f 53 119 117
f 3 119 121
f 55 121 119
f 127 123 4
f 123 127 38
f 4 123 125
f 52 125 123
f 4 129 131
f 57 131 129
f 131 127 4
f 127 131 59
f 4 125 129
f 61 129 125
f 141 133 5
f 133 141 63
f 5 133 135
f 65 135 133
f 5 135 137
f 67 137 135
f 5 139 141
f 69 141 139
f 5 137 139
f 71 139 137
f 151 149 6
f 149 151 58
f 6 145 147
f 64 147 145
f 6 143 145
f 73 145 143
f 6 147 151
f 75 151 147
f 149 143 6
f 143 149 77
f 157 155 7
f 155 157 66
f 155 153 7
f 153 155 74
f 161 157 7
f 157 161 79
f 7 159 161
f 81 161 159
f 7 153 159
f 83 159 153
f 171 169 8
f 169 171 46
f 165 163 8
f 163 165 68
f 8 163 167
f 80 167 163
f 169 165 8
f 165 169 85
f 8 167 171
f 87 171 167
f 9 173 175
f 40 175 173
f 9 175 181
f 60 181 175
f 179 177 9
f 177 179 70
f 181 179 9
f 179 181 76
f 177 173 9
f 173 177 89
f 10 183 185
f 42 185 183
f 191 183 10
f 183 191 48
f 189 187 10
f 187 189 72
f 10 187 191
f 86 191 187
f 10 185 189
f 90 189 185
f 11 193 201
f 50 201 193
f 195 193 11
f 193 195 54
f 199 197 11
f 197 199 82
f 201 199 11
f 199 201 88
f 197 195 11
f 195 197 91
f 207 205 12
f 205 207 56
f 211 207 12
f 207 211 62
f 12 203 211
f 78 211 203
f 209 203 12
f 203 209 84
f 12 205 209
f 92 209 205
f 213 144 13
f 144 213 73
f 13 154 213
f 74 213 154
f 13 144 217
f 77 217 144
f 217 204 13
f 204 217 78
f 215 154 13
f 154 215 83
f 13 204 215
f 84 215 204
f 14 94 221
f 33 221 94
f 221 104 14
f 104 221 34
f 219 94 14
f 94 219 35
f 14 114 219
f 36 219 114
f 14 104 223
f 43 223 104
f 223 114 14
f 114 223 44
f 15 96 220
f 35 220 96
f 220 116 15
f 116 220 36
f 227 96 15
f 96 227 37
f 15 124 227
f 38 227 124
f 15 116 225
f 51 225 116
f 225 124 15
f 124 225 52
f 16 134 231
f 63 231 134
f 231 146 16
f 146 231 64
f 229 134 16
f 134 229 65
f 16 156 229
f 66 229 156
f 16 146 214
f 73 214 146
f 214 156 16
f 156 214 74
f 17 136 230
f 65 230 136
f 230 158 17
f 158 230 66
f 233 136 17
f 136 233 67
f 17 164 233
f 68 233 164
f 17 158 235
f 79 235 158
f 235 164 17
f 164 235 80
f 222 98 18
f 98 222 33
f 18 106 222
f 34 222 106
f 18 98 237
f 41 237 98
f 237 184 18
f 184 237 42
f 239 106 18
f 106 239 47
f 18 184 239
f 48 239 184
f 224 108 19
f 108 224 43
f 19 118 224
f 44 224 118
f 19 108 243
f 49 243 108
f 243 194 19
f 194 243 50
f 241 118 19
f 118 241 53
f 19 194 241
f 54 241 194
f 20 120 242
f 53 242 120
f 242 196 20
f 196 242 54
f 245 120 20
f 120 245 55
f 20 206 245
f 56 245 206
f 20 196 247
f 91 247 196
f 247 206 20
f 206 247 92
f 226 122 21
f 122 226 51
f 21 126 226
f 52 226 126
f 21 122 246
f 55 246 122
f 246 208 21
f 208 246 56
f 249 126 21
f 126 249 61
f 21 208 249
f 62 249 208
f 22 100 251
f 39 251 100
f 251 174 22
f 174 251 40
f 238 100 22
f 100 238 41
f 22 186 238
f 42 238 186
f 22 174 253
f 89 253 174
f 253 186 22
f 186 253 90
f 23 102 228
f 37 228 102
f 228 128 23
f 128 228 38
f 252 102 23
f 102 252 39
f 23 176 252
f 40 252 176
f 23 128 255
f 59 255 128
f 255 176 23
f 176 255 60
f 257 160 24
f 160 257 81
f 24 198 257
f 82 257 198
f 24 160 216
f 83 216 160
f 216 210 24
f 210 216 84
f 248 198 24
f 198 248 91
f 24 210 248
f 92 248 210
f 25 138 234
f 67 234 138
f 234 166 25
f 166 234 68
f 259 138 25
f 138 259 71
f 25 188 259
f 72 259 188
f 25 166 261
f 85 261 166
f 261 188 25
f 188 261 86
f 263 140 26
f 140 263 69
f 26 178 263
f 70 263 178
f 26 140 260
f 71 260 140
f 260 190 26
f 190 260 72
f 254 178 26
f 178 254 89
f 26 190 254
f 90 254 190
f 236 162 27
f 162 236 79
f 27 168 236
f 80 236 168
f 27 162 258
f 81 258 162
f 258 200 27
f 200 258 82
f 265 168 27
f 168 265 87
f 27 200 265
f 88 265 200
f 267 110 28
f 110 267 45
f 28 170 267
f 46 267 170
f 28 110 240
f 47 240 110
f 240 192 28
f 192 240 48
f 262 170 28
f 170 262 85
f 28 192 262
f 86 262 192
f 29 112 268
f 45 268 112
f 268 172 29
f 172 268 46
f 244 112 29
f 112 244 49
f 29 202 244
f 50 244 202
f 29 172 266
f 87 266 172
f 266 202 29
f 202 266 88
f 232 142 30
f 142 232 63
f 30 148 232
f 64 232 148
f 30 142 264
f 69 264 142
f 264 180 30
f 180 264 70
f 269 148 30
f 148 269 75
f 30 180 269
f 76 269 180
f 271 130 31
f 130 271 57
f 31 150 271
f 58 271 150
f 31 130 250
f 61 250 130
f 250 212 31
f 212 250 62
f 218 150 31
f 150 218 77
f 31 212 218
f 78 218 212
f 32 132 272
f 57 272 132
f 272 152 32
f 152 272 58
f 256 132 32
f 132 256 59
f 32 182 256
f 60 256 182
f 32 152 270
f 75 270 152
f 270 182 32
f 182 270 76
f 222 221 33
f 221 222 34
f 94 93 33
f 93 94 35
f 33 97 98
f 41 98 97
f 34 103 104
f 43 104 103
f 106 105 34
f 105 106 47
f 35 219 220
f 36 220 219
f 96 95 35
f 95 96 37
f 114 113 36
f 113 114 44
f 36 115 116
f 51 116 115
f 37 227 228
f 38 228 227
f 102 101 37
f 101 102 39
f 124 123 38
f 123 124 52
f 38 127 128
f 59 128 127
f 252 251 39
f 251 252 40
f 100 99 39
f 99 100 41
f 176 175 40
f 175 176 60
f 40 173 174
f 89 174 173
f 238 237 41
f 237 238 42
f 42 183 184
f 48 184 183
f 186 185 42
f 185 186 90
f 224 223 43
f 223 224 44
f 43 107 108
f 49 108 107
f 118 117 44
f 117 118 53
f 45 267 268
f 46 268 267
f 45 109 110
f 47 110 109
f 112 111 45
f 111 112 49
f 170 169 46
f 169 170 85
f 46 171 172
f 87 172 171
f 47 239 240
f 48 240 239
f 48 191 192
f 86 192 191
f 244 243 49
f 243 244 50
f 50 193 194
f 54 194 193
f 202 201 50
f 201 202 88
f 226 225 51
f 225 226 52
f 51 121 122
f 55 122 121
f 126 125 52
f 125 126 61
f 53 241 242
f 54 242 241
f 120 119 53
f 119 120 55
f 54 195 196
f 91 196 195
f 55 245 246
f 56 246 245
f 56 207 208
f 62 208 207
f 206 205 56
f 205 206 92
f 57 271 272
f 58 272 271
f 132 131 57
f 131 132 59
f 57 129 130
f 61 130 129
f 58 151 152
f 75 152 151
f 150 149 58
f 149 150 77
f 256 255 59
f 255 256 60
f 182 181 60
f 181 182 76
f 61 249 250
f 62 250 249
f 62 211 212
f 78 212 211
f 232 231 63
f 231 232 64
f 134 133 63
f 133 134 65
f 63 141 142
f 69 142 141
f 64 145 146
f 73 146 145
f 148 147 64
f 147 148 75
f 65 229 230
f 66 230 229
f 136 135 65
f 135 136 67
f 156 155 66
f 155 156 74
f 66 157 158
f 79 158 157
f 67 233 234
f 68 234 233
f 138 137 67
f 137 138 71
f 164 163 68
f 163 164 80
f 68 165 166
f 85 166 165
f 69 263 264
f 70 264 263
f 69 139 140
f 71 140 139
f 70 179 180
f 76 180 179
f 178 177 70
f 177 178 89
f 71 259 260
f 72 260 259
f 188 187 72
f 187 188 86
f 72 189 190
f 90 190 189
f 73 213 214
f 74 214 213
f 73 143 144
f 77 144 143
f 154 153 74
f 153 154 83
f 75 269 270
f 76 270 269
f 218 217 77
f 217 218 78
f 78 203 204
f 84 204 203
f 236 235 79
f 235 236 80
f 79 161 162
f 81 162 161
f 168 167 80
f 167 168 87
f 81 257 258
f 82 258 257
f 81 159 160
f 83 160 159
f 82 199 200
f 88 200 199
f 198 197 82
f 197 198 91
f 83 215 216
f 84 216 215
f 84 209 210
f 92 210 209
f 262 261 85
f 261 262 86
f 87 265 266
f 88 266 265
f 254 253 89
f 253 254 90
f 248 247 91
f 247 248 92
