# 92 Vertices
v 0.525731 0 0.850651 1.01722 0 38 40 36 34 32 4294967295 2309975 2309975 2309973 2309972 2309973 0 5 39 59 21 22 8 88 58 37 14 41 17 89 9 47 33 46 13 51 3 35 50 43 42 2 1
v 0 0.850651 0.525731 0.553574 1.5708 44 48 46 33 42 4294967295 2309972 2309973 2309973 2309975 2309975 0 5 45 86 27 28 84 7 49 87 18 85 47 17 53 43 52 10 13 41 40 32 9 34 0 35 2
v -0.525731 0 0.850651 1.01722 3.14159 54 52 50 43 35 4294967295 2309975 2309975 2309973 2309973 2309972 0 5 55 20 61 19 91 11 51 60 14 90 53 18 10 49 48 42 13 37 3 34 36 33 32 1 0
v 0 -0.850651 0.525731 0.553574 -1.5708 56 60 58 51 37 4294967295 2309972 2309973 2309973 2309975 2309975 0 5 57 31 74 30 76 5 22 59 61 77 75 20 11 55 54 50 14 39 36 38 8 2 35 34 0
v 0.525731 0 -0.850651 -1.01722 0 68 70 66 64 62 4294967295 2309975 2309975 2309973 2309972 2309973 0 5 29 63 74 75 69 25 88 8 15 71 89 24 85 9 67 84 16 79 65 78 7 73 6 72 5
v 0 -0.850651 -0.525731 -0.553574 -1.5708 57 74 63 72 76 4294967295 2309972 2309973 2309975 2309975 2309973 0 5 56 58 30 31 3 60 59 75 29 61 77 12 68 69 62 15 8 64 4 73 65 82 6 83 11
v -0.525731 0 -0.850651 -1.01722 3.14159 78 65 82 80 73 4294967295 2309973 2309972 2309975 2309975 2309973 0 5 26 81 79 86 87 23 16 67 7 64 66 15 62 4 72 63 12 91 83 90 77 76 11 10 5
v 0 0.850651 -0.525731 -0.553574 1.5708 45 84 86 79 67 4294967295 2309972 2309973 2309973 2309975 2309975 0 5 44 28 48 27 1 46 87 26 85 47 49 24 71 9 66 70 16 10 81 80 78 6 65 64 4
v 0.850651 -0.525731 0 0 -0.553574 75 69 59 39 88 4294967295 2309975 2309973 2309975 2309973 2309972 0 5 74 31 57 29 63 5 56 58 22 68 62 25 4 70 71 89 21 3 37 38 36 40 0 41 9
v 0.850651 0.525731 0 0 0.553574 85 71 41 89 47 4294967295 2309975 2309973 2309973 2309972 2309975 0 5 84 27 45 24 7 67 46 44 17 66 70 25 68 4 69 88 21 39 38 40 33 32 0 8 1
v -0.850651 0.525731 0 0 2.58802 87 90 49 81 53 4294967295 2309975 2309972 2309975 2309973 2309973 0 5 86 45 26 79 28 7 44 48 18 80 78 23 91 19 83 55 11 82 52 54 1 42 43 6 2
v -0.850651 -0.525731 0 0 -2.58802 61 91 77 55 83 4294967295 2309975 2309972 2309975 2309973 2309973 0 5 30 57 76 60 56 12 20 51 3 54 50 19 23 81 90 82 80 53 52 10 73 72 5 2 6
v -0.57735 -0.57735 -0.57735 -0.61548 -2.35619 77 73 82 83 76 72 2611088 2611089 2611088 2611089 2611089 2611088 6 30 61 57 60 56 11 20 55 91 5 23 15 65 63 62 64 16 78 6 80 81 90 26 19 31 74 29
v 0 0.356822 0.934172 1.20593 1.5708 43 35 42 33 32 34 2611087 2611089 2611089 2611089 2611087 2611089 6 18 53 52 48 49 19 54 2 1 14 50 37 51 36 0 20 44 28 46 17 41 47 40 27 38 21 22
v 0 -0.356822 0.934172 1.20593 -1.5708 37 51 35 34 50 36 2611089 2611089 2611089 2611089 2611087 2611087 6 22 38 0 39 58 59 56 31 3 20 60 54 2 55 61 30 13 32 43 42 33 18 52 17 40 19 21
v 0 -0.356822 -0.934172 -1.20593 -1.5708 73 65 72 63 62 64 2611087 2611089 2611089 2611089 2611087 2611089 6 12 5 76 16 78 6 77 82 83 23 80 67 79 66 4 26 74 29 57 30 68 31 75 69 25 70 24
v 0 0.356822 -0.934172 -1.20593 1.5708 67 79 65 78 64 66 2611089 2611089 2611089 2611087 2611089 2611087 6 24 70 4 71 85 84 26 86 7 27 45 80 6 81 87 28 15 62 73 72 63 12 82 23 68 29 25
v 0.57735 0.57735 0.57735 0.61548 0.785398 41 47 33 40 46 32 2611089 2611088 2611088 2611088 2611089 2611089 6 21 88 39 38 89 9 85 71 0 25 27 44 1 84 24 45 13 34 43 35 42 48 18 22 36 28 14
v -0.57735 0.57735 0.57735 0.61548 2.35619 53 43 52 48 49 42 2611089 2611089 2611088 2611089 2611088 2611088 6 19 91 55 90 54 23 10 81 2 87 28 13 35 33 32 34 1 14 50 20 44 45 27 46 86 26 17
v -0.934172 0 0.356822 0.364864 3.14159 91 55 90 53 52 54 2611089 2611087 2611089 2611087 2611089 2611089 6 23 81 83 82 80 10 12 11 77 20 61 51 60 50 2 30 87 49 26 18 43 48 42 28 13 35 14
v -0.57735 -0.57735 0.57735 0.61548 -2.35619 55 51 60 61 54 50 2611089 2611088 2611089 2611088 2611088 2611089 6 19 52 2 30 77 11 91 90 53 23 83 14 35 56 3 37 34 36 22 58 57 31 76 12 18 43 13
v 0.934172 0 0.356822 0.364864 0 41 88 39 38 89 40 2611087 2611089 2611087 2611089 2611089 2611089 6 17 47 33 46 32 9 85 71 0 25 27 69 68 75 29 8 59 70 22 36 58 31 37 34 14 24 13
v 0.57735 -0.57735 0.57735 0.61548 -0.785398 39 58 37 36 59 38 2611089 2611089 2611088 2611089 2611088 2611088 6 40 21 0 31 75 8 41 88 89 69 25 56 57 30 3 60 74 51 14 34 35 50 20 13 32 29 17
v -0.934172 0 -0.356822 -0.364864 3.14159 91 81 83 90 82 80 2611089 2611087 2611087 2611089 2611089 2611089 6 19 55 53 52 54 10 12 11 77 20 61 26 79 86 87 78 6 28 49 73 76 72 30 18 15 65 16
v 0.57735 0.57735 -0.57735 -0.61548 0.785398 71 85 67 66 84 70 2611089 2611088 2611088 2611089 2611089 2611088 6 68 25 4 69 88 89 21 41 9 27 47 45 7 46 44 17 16 64 79 65 78 26 86 15 62 28 29
v 0.934172 0 -0.356822 -0.364864 0 71 69 88 70 89 68 2611087 2611087 2611089 2611089 2611089 2611089 6 24 66 4 21 41 9 85 67 84 27 47 29 62 75 74 31 59 8 39 63 38 40 22 16 64 17 15
v -0.57735 0.57735 -0.57735 -0.61548 2.35619 81 79 86 87 80 78 2611089 2611088 2611089 2611088 2611088 2611089 6 23 91 83 90 82 19 10 53 6 28 49 16 65 45 7 67 64 66 24 84 44 27 48 18 73 12 15
v 0.356822 0.934172 0 0 1.20593 85 47 45 84 46 44 2611089 2611089 2611089 2611087 2611087 2611089 6 24 7 67 17 9 41 71 66 70 25 89 33 1 40 32 21 28 48 86 87 26 79 49 16 13 42 18
v -0.356822 0.934172 0 0 1.93566 49 87 45 86 44 48 2611089 2611089 2611089 2611087 2611089 2611087 6 18 1 42 26 10 81 90 53 43 52 19 79 7 80 78 23 27 46 85 47 84 24 67 16 33 17 13
v 0.57735 -0.57735 -0.57735 -0.61548 -0.785398 63 74 75 68 69 62 2611088 2611089 2611088 2611088 2611089 2611089 6 15 64 4 31 57 5 73 65 72 76 12 59 56 58 30 8 39 22 88 25 71 70 89 66 24 21 16
v -0.356822 -0.934172 0 0 -1.93566 61 57 76 60 77 56 2611089 2611089 2611087 2611087 2611089 2611089 6 12 11 83 20 51 3 91 55 54 50 19 58 31 59 75 74 29 63 5 72 73 82 15 14 37 23 22
v 0.356822 -0.934172 0 0 -1.20593 59 75 74 57 56 58 2611089 2611089 2611087 2611089 2611089 2611087 6 22 3 37 29 8 69 39 38 21 88 36 63 5 68 62 25 30 76 15 72 60 61 77 12 51 20 14
v 0.398317 0.337325 0.852969 1.02165 0.702677 17 33 40 13 34 0 2611089 2433696 2676058 2611087 2676058 2309973 6 41 21 9 89 47 46 85 27 1 42 38 44 43 35 48 18 39 22 36 88 52 2 14 50 37 51
v 0.208478 0.644491 0.735642 0.826614 1.25794 17 32 46 13 1 42 2611088 2433696 2676058 2611089 2309975 2676058 6 41 21 9 40 89 47 85 27 38 0 44 34 43 35 36 14 45 84 28 48 18 52 2 50 49 53
v 0.189839 0 0.981815 1.3798 0 36 13 32 35 14 0 2676058 2611089 2676058 2433694 2611089 2309972 6 37 22 58 51 3 39 59 38 40 21 50 43 18 52 42 2 48 1 33 17 46 41 47 20 54 60
v -0.189839 0 0.981815 1.3798 3.14159 14 34 13 50 43 2 2611089 2433694 2611089 2676058 2676058 2309972 6 37 36 22 58 51 3 20 60 32 0 54 38 42 33 17 40 18 52 48 1 46 55 61 19 53 49
v 0.398317 -0.337325 0.852969 1.02165 -0.702677 37 22 38 34 14 0 2433696 2611089 2676058 2676058 2611087 2309973 6 39 58 59 51 35 50 56 31 3 20 60 21 8 88 75 40 41 17 32 89 13 43 42 33 2 54
v 0.208478 -0.644491 0.735642 0.826614 -1.25794 36 22 14 58 51 3 2433696 2611088 2611089 2676058 2676058 2309975 6 39 59 38 40 21 0 34 13 32 35 50 8 88 56 31 75 20 60 43 2 54 57 30 74 55 61
v 0.735642 -0.208478 0.644491 0.700357 -0.276155 39 22 36 40 21 0 2433696 2611088 2676058 2676058 2611089 2309975 6 59 58 31 75 8 41 88 89 37 69 25 56 3 14 51 34 13 32 35 50 17 9 47 33 46 71
v 0.852969 -0.398317 0.337325 0.344074 -0.436882 38 59 21 22 8 88 2433696 2676058 2611087 2611089 2309973 2676058 6 58 37 36 34 14 0 40 41 17 32 89 56 31 3 75 74 57 29 69 9 47 25 71 51 68 70
v 0.735642 0.208478 0.644491 0.700357 0.276155 41 38 17 21 0 32 2433696 2676058 2611088 2611089 2309975 2676058 6 88 39 89 47 33 46 9 85 71 25 27 59 22 8 58 37 36 34 14 13 1 42 44 69 35 43
v 0.852969 0.398317 0.337325 0.344074 0.436882 21 17 9 40 89 47 2611087 2611089 2309973 2433696 2676058 2676058 6 88 69 8 25 39 38 59 22 36 0 71 32 46 85 27 33 13 1 42 44 34 84 24 70 68 45
v -0.208478 0.644491 0.735642 0.826614 1.88365 18 48 13 43 1 33 2611088 2676058 2611089 2433696 2309975 2676058 6 53 19 90 52 10 49 35 2 54 44 28 87 45 27 46 86 14 34 50 17 32 40 0 36 47 41
v -0.398317 0.337325 0.852969 1.02165 2.43892 18 52 13 42 35 2 2611089 2676058 2611087 2433696 2676058 2309973 6 53 19 90 10 49 54 48 44 1 28 87 33 91 55 20 50 14 34 17 32 46 40 0 36 37 51
v 0 0.981815 0.189839 0.190998 1.5708 45 28 48 27 1 46 2433694 2611089 2676058 2611089 2309972 2676058 6 86 87 26 79 7 85 47 84 49 24 67 10 18 53 81 42 43 52 33 13 71 9 17 41 32 40
v 0 0.981815 -0.189839 -0.190998 1.5708 44 86 27 28 84 7 2433694 2676058 2611089 2611089 2676058 2309972 6 49 87 48 18 1 42 85 47 46 33 17 26 10 81 79 80 78 16 67 24 71 9 41 53 66 70
v 0.337325 0.852969 0.398317 0.409681 1.1942 27 44 17 47 33 1 2611087 2676058 2611089 2433696 2676058 2309973 6 85 84 24 71 9 41 45 86 28 7 67 48 49 87 18 42 21 40 89 32 13 38 0 34 43 35
v 0.644491 0.735642 0.208478 0.210019 0.851348 46 85 17 9 27 41 2433696 2676058 2611088 2309975 2611089 2676058 6 45 84 44 28 48 1 33 40 32 13 42 24 7 67 71 66 70 25 89 21 38 0 34 88 86 39
v -0.337325 0.852969 0.398317 0.409681 1.94739 44 18 1 49 28 42 2676058 2611089 2309973 2433696 2611087 2676058 6 45 86 27 84 7 87 85 47 46 33 17 53 19 90 52 10 43 13 35 2 54 32 26 81 79 34
v -0.644491 0.735642 0.208478 0.210019 2.29025 48 28 87 10 18 53 2433696 2611089 2676058 2309975 2611088 2676058 6 44 45 27 1 46 43 52 42 33 86 13 26 81 84 7 79 80 78 90 23 91 19 35 2 54 55
v -0.398317 -0.337325 0.852969 1.02165 -2.43892 20 54 51 2 14 35 2611089 2676058 2433696 2309973 2611087 2676058 6 55 61 19 91 11 60 37 3 56 30 77 52 90 53 18 43 34 36 22 58 13 42 32 0 38 33
v -0.208478 -0.644491 0.735642 0.826614 -1.88365 50 20 60 14 37 3 2433696 2611088 2676058 2611089 2676058 2309975 6 55 61 54 19 52 2 43 35 34 36 13 91 11 56 30 77 57 58 31 76 22 32 0 38 39 59
v -0.735642 0.208478 0.644491 0.700357 2.86544 19 54 53 18 43 2 2611089 2676058 2433696 2611088 2676058 2309975 6 91 23 90 83 55 11 20 61 10 81 49 50 51 60 14 35 48 42 87 28 13 44 1 33 32 34
v -0.852969 0.398317 0.337325 0.344074 2.70471 19 90 18 52 10 49 2611087 2676058 2611089 2433696 2309973 2676058 6 91 23 83 55 11 20 54 61 81 43 2 50 82 80 87 26 13 42 35 48 44 1 28 33 86 45
v -0.735642 -0.208478 0.644491 0.700357 -2.86544 55 20 50 19 52 2 2433696 2611088 2676058 2611089 2676058 2309975 6 51 60 61 30 77 11 91 90 53 23 83 14 37 3 56 35 43 34 36 13 10 81 18 49 48 42
v -0.852969 -0.398317 0.337325 0.344074 -2.70471 20 54 61 19 91 11 2611089 2433696 2676058 2611087 2676058 2309973 6 51 50 60 14 37 3 56 30 77 52 2 35 90 53 18 43 57 76 12 83 23 10 81 49 82 80
v 0 -0.981815 0.189839 0.190998 -1.5708 57 58 30 31 3 60 2433694 2676058 2611089 2611089 2309972 2676058 6 59 75 74 29 63 5 61 76 77 12 72 22 39 37 36 38 8 51 14 11 20 55 83 69 50 54
v 0 -0.981815 -0.189839 -0.190998 -1.5708 56 31 74 30 76 5 2433694 2611089 2676058 2611089 2676058 2309972 6 58 22 59 3 37 61 60 77 75 51 20 39 8 29 69 63 68 62 15 72 11 55 12 83 73 82
v 0.337325 -0.852969 0.398317 0.409681 -1.1942 56 22 59 31 3 37 2676058 2611089 2433696 2611087 2309973 2676058 6 57 74 30 76 5 61 60 77 75 51 20 39 38 21 8 88 36 14 34 0 40 29 69 63 50 35
v 0.644491 -0.735642 0.208478 0.210019 -0.851348 58 31 75 39 22 8 2433696 2611089 2676058 2676058 2611088 2309975 6 56 57 30 3 60 37 36 38 74 51 14 29 69 63 5 76 68 62 88 25 40 21 0 41 89 34
v -0.337325 -0.852969 0.398317 0.409681 -1.94739 61 56 20 30 51 3 2433696 2676058 2611089 2611087 2676058 2309973 6 57 76 77 12 11 83 91 55 54 50 19 31 74 5 58 22 59 37 75 14 52 2 35 72 34 36
v -0.644491 -0.735642 0.208478 0.210019 -2.29025 30 77 60 11 20 55 2611089 2676058 2433696 2309975 2611088 2676058 6 57 56 31 74 76 5 12 72 51 3 83 58 73 82 91 23 54 50 14 37 19 90 52 2 35 53
v 0.398317 -0.337325 -0.852969 -1.02165 -0.702677 63 68 29 15 64 4 2433696 2676058 2611089 2611087 2676058 2309973 6 74 31 57 75 5 69 73 65 72 76 12 25 88 8 71 70 89 66 24 59 82 6 16 78 67 79
v 0.208478 -0.644491 -0.735642 -0.826614 -1.25794 62 74 29 15 5 72 2433696 2676058 2611088 2611089 2309975 2676058 6 68 69 25 4 70 75 73 65 64 16 66 31 59 57 56 58 30 76 8 88 12 82 6 78 77 83
v 0.189839 0 -0.981815 -1.3798 0 65 16 66 15 62 4 2433694 2611089 2676058 2611089 2676058 2309972 6 67 79 78 26 80 6 73 72 63 12 82 24 84 7 86 70 71 85 68 25 5 76 74 29 69 75
v -0.189839 0 -0.981815 -1.3798 3.14159 16 64 78 15 73 6 2611089 2433694 2676058 2611089 2676058 2309972 6 67 66 24 79 84 7 26 86 80 62 4 70 72 63 68 29 81 87 23 82 12 5 76 74 77 83
v 0.398317 0.337325 -0.852969 -1.02165 0.702677 24 70 16 64 67 4 2611089 2676058 2611087 2676058 2433696 2309973 6 71 25 89 85 9 84 27 47 79 7 45 68 29 69 62 88 78 26 86 65 15 73 6 80 72 63
v 0.208478 0.644491 -0.735642 -0.826614 1.25794 66 24 16 79 84 7 2433696 2611088 2611089 2676058 2676058 2309975 6 71 85 70 68 25 4 65 78 64 15 62 89 9 27 47 45 26 86 73 6 80 81 87 28 46 44
v 0.735642 -0.208478 -0.644491 -0.700357 -0.276155 29 69 62 25 4 70 2611088 2433696 2676058 2611089 2309975 2676058 6 63 74 15 5 72 31 57 75 59 8 88 64 71 89 21 39 73 65 16 66 24 85 9 41 67 84
v 0.852969 -0.398317 -0.337325 -0.344074 -0.436882 68 75 25 88 29 8 2433696 2676058 2611087 2676058 2611089 2309973 6 63 74 62 15 64 4 71 70 89 66 24 31 57 5 59 56 58 39 22 85 9 21 41 38 40 72
v 0.735642 0.208478 -0.644491 -0.700357 0.276155 71 68 24 66 25 4 2433696 2676058 2611088 2676058 2611089 2309975 6 69 88 89 21 41 9 85 67 84 27 47 29 63 74 75 62 8 15 64 16 79 7 45 65 78 39
v 0.852969 0.398317 -0.337325 -0.344074 0.436882 70 25 89 24 85 9 2433696 2611087 2676058 2611089 2676058 2309973 6 68 29 69 62 4 67 66 84 16 64 88 75 8 21 39 41 38 40 17 47 27 79 7 45 46 44
v -0.208478 -0.644491 -0.735642 -0.826614 -1.88365 73 15 63 12 5 76 2433696 2611089 2676058 2611088 2309975 2676058 6 65 62 64 16 78 6 77 82 83 23 80 74 29 68 4 66 31 57 75 69 30 61 11 91 56 60
v -0.398317 -0.337325 -0.852969 -1.02165 -2.43892 15 72 65 12 82 6 2611087 2433696 2676058 2611089 2676058 2309973 6 16 64 78 63 5 76 62 74 29 68 4 66 77 83 57 30 67 79 26 80 61 11 23 91 81 90
v 0.337325 -0.852969 -0.398317 -0.409681 -1.1942 31 57 29 63 75 5 2611087 2676058 2611089 2676058 2433696 2309973 6 59 58 39 22 8 69 56 30 76 3 60 37 61 77 12 72 62 15 68 25 4 70 88 64 73 65
v 0.644491 -0.735642 -0.208478 -0.210019 -0.851348 74 31 59 29 8 69 2433696 2611089 2676058 2611088 2309975 2676058 6 57 56 58 30 76 5 63 68 62 15 72 39 22 3 60 37 38 21 88 36 25 4 70 64 89 71
v -0.337325 -0.852969 -0.398317 -0.409681 -1.94739 77 57 12 5 30 72 2433696 2676058 2611089 2309973 2611087 2676058 6 61 60 56 11 20 55 73 82 83 91 23 58 31 3 59 75 74 29 63 15 65 6 80 62 51 64
v -0.644491 -0.735642 -0.208478 -0.210019 -2.29025 30 61 12 11 76 83 2611089 2676058 2611088 2309975 2433696 2676058 6 60 20 55 57 56 31 74 5 72 51 3 58 91 54 50 19 73 15 65 82 6 23 80 63 90 81
v -0.398317 0.337325 -0.852969 -1.02165 2.43892 26 80 6 79 16 65 2611089 2676058 2309973 2433696 2611087 2676058 6 81 23 90 87 10 86 67 7 45 28 49 82 91 83 73 12 64 15 72 66 24 84 62 4 70 63
v -0.208478 0.644491 -0.735642 -0.826614 1.88365 78 26 86 16 67 7 2433696 2611088 2676058 2611089 2676058 2309975 6 81 87 80 23 6 82 65 73 64 66 15 90 10 45 28 49 44 27 84 48 24 62 4 70 71 85
v -0.735642 0.208478 -0.644491 -0.700357 2.86544 81 78 23 6 26 82 2433696 2676058 2611089 2309975 2611088 2676058 6 79 86 87 91 83 90 19 10 53 28 49 65 73 16 67 7 64 66 15 55 11 12 77 72 45 76
v -0.852969 0.398317 -0.337325 -0.344074 2.70471 26 23 90 80 87 10 2611089 2611087 2676058 2433696 2676058 2309973 6 79 78 86 16 67 7 45 28 49 6 82 65 91 19 83 55 11 12 77 53 73 52 54 18 44 48
v -0.735642 -0.208478 -0.644491 -0.700357 -2.86544 23 12 80 73 83 6 2611089 2611088 2676058 2676058 2433696 2309975 6 91 19 90 55 11 81 26 87 10 77 53 78 30 61 76 15 72 65 57 5 63 79 16 86 62 64
v -0.852969 -0.398317 -0.337325 -0.344074 -2.70471 23 82 12 11 91 77 2611087 2433696 2611089 2309973 2676058 2676058 6 19 90 55 81 26 80 87 10 53 73 6 78 76 72 15 65 30 61 57 5 63 60 20 54 52 56
v 0.337325 0.852969 -0.398317 -0.409681 1.1942 85 27 45 24 7 67 2433696 2611087 2676058 2611089 2309973 2676058 6 47 46 44 17 9 41 71 66 70 25 89 86 28 33 1 48 87 26 79 49 16 64 4 68 78 65
v 0.644491 0.735642 -0.208478 -0.210019 0.851348 84 27 47 24 71 9 2433696 2611089 2676058 2611088 2676058 2309975 6 45 46 44 86 28 7 67 66 70 79 16 17 41 33 1 48 40 32 89 21 25 64 4 68 69 88
v -0.337325 0.852969 -0.398317 -0.409681 1.94739 87 45 26 79 28 7 2433696 2676058 2611089 2676058 2611087 2309973 6 49 44 48 10 18 53 81 80 78 90 23 27 1 46 85 47 84 24 67 16 6 82 65 64 66 42
v -0.644491 0.735642 -0.208478 -0.210019 2.29025 86 28 49 26 10 81 2433696 2611089 2676058 2611088 2309975 2676058 6 45 44 27 84 7 79 80 78 16 67 48 18 53 1 46 42 90 43 52 19 23 6 82 65 91 83
v 0.981815 -0.189839 0 0 -0.190998 89 69 21 8 25 39 2433694 2676058 2611089 2309972 2611089 2676058 6 71 70 68 24 85 9 41 38 40 17 47 29 62 4 75 74 31 59 63 22 36 0 32 58 66 37
v 0.981815 0.189839 0 0 0.190998 88 25 71 21 41 9 2433694 2611089 2676058 2611089 2676058 2309972 6 69 68 75 29 8 39 38 40 59 70 22 24 85 66 4 62 67 84 27 47 17 36 0 32 33 46
v -0.981815 0.189839 0 0 2.95059 91 23 19 10 81 53 2433694 2611089 2611089 2309972 2676058 2676058 6 83 82 80 55 52 54 12 11 77 20 61 26 87 73 6 78 18 49 43 2 50 86 28 48 79 42
v -0.981815 -0.189839 0 0 -2.95059 23 19 90 83 55 11 2611089 2611089 2433694 2676058 2676058 2309972 6 81 26 80 87 10 82 12 77 53 73 6 78 20 54 61 18 52 49 43 2 50 76 72 30 51 60
# 180 Faces
f 1 33 35
f 14 35 33
f 1 35 37
f 15 37 35
f 41 33 1
f 33 41 18
f 1 39 41
f 22 41 39
f 1 37 39
f 23 39 37
f 43 34 2
f 34 43 14
f 2 34 47
f 18 47 34
f 49 43 2
f 43 49 19
f 47 45 2
f 45 47 28
f 2 45 49
f 29 49 45
f 3 36 44
f 14 44 36
f 51 36 3
f 36 51 15
f 3 44 53
f 19 53 44
f 3 53 55
f 20 55 53
f 55 51 3
f 51 55 21
f 4 38 52
f 15 52 38
f 4 52 61
f 21 61 52
f 59 38 4
f 38 59 23
f 61 57 4
f 57 61 31
f 4 57 59
f 32 59 57
f 5 63 65
f 16 65 63
f 5 65 67
f 17 67 65
f 5 67 71
f 25 71 67
f 71 69 5
f 69 71 26
f 69 63 5
f 63 69 30
f 77 73 6
f 73 77 13
f 73 64 6
f 64 73 16
f 6 64 75
f 30 75 64
f 6 58 77
f 31 77 58
f 75 58 6
f 58 75 32
f 7 74 83
f 13 83 74
f 7 66 74
f 16 74 66
f 79 66 7
f 66 79 17
f 83 81 7
f 81 83 24
f 81 79 7
f 79 81 27
f 8 68 80
f 17 80 68
f 85 68 8
f 68 85 25
f 8 80 87
f 27 87 80
f 8 46 85
f 28 85 46
f 87 46 8
f 46 87 29
f 89 40 9
f 40 89 22
f 9 40 60
f 23 60 40
f 9 70 89
f 26 89 70
f 76 70 9
f 70 76 30
f 9 60 76
f 32 76 60
f 48 42 10
f 42 48 18
f 10 42 90
f 22 90 42
f 10 72 86
f 25 86 72
f 90 72 10
f 72 90 26
f 86 48 10
f 48 86 28
f 54 50 11
f 50 54 19
f 91 54 11
f 54 91 20
f 11 82 91
f 24 91 82
f 88 82 11
f 82 88 27
f 11 50 88
f 29 88 50
f 84 78 12
f 78 84 13
f 12 56 92
f 20 92 56
f 62 56 12
f 56 62 21
f 92 84 12
f 84 92 24
f 78 62 12
f 62 78 31
f 74 73 13
f 73 74 16
f 84 83 13
f 83 84 24
f 13 77 78
f 31 78 77
f 36 35 14
f 35 36 15
f 14 33 34
f 18 34 33
f 14 43 44
f 19 44 43
f 15 51 52
f 21 52 51
f 38 37 15
f 37 38 23
f 66 65 16
f 65 66 17
f 16 63 64
f 30 64 63
f 68 67 17
f 67 68 25
f 17 79 80
f 27 80 79
f 18 41 42
f 22 42 41
f 48 47 18
f 47 48 28
f 54 53 19
f 53 54 20
f 19 49 50
f 29 50 49
f 56 55 20
f 55 56 21
f 20 91 92
f 24 92 91
f 62 61 21
f 61 62 31
f 22 39 40
f 23 40 39
f 22 89 90
f 26 90 89
f 23 59 60
f 32 60 59
f 82 81 24
f 81 82 27
f 72 71 25
f 71 72 26
f 25 85 86
f 28 86 85
f 70 69 26
f 69 70 30
f 88 87 27
f 87 88 29
f 46 45 28
f 45 46 29
f 76 75 30
f 75 76 32
f 58 57 31
f 57 58 32
