# 32 Vertices
v 0.525731 0 0.850651 1.01722 0 22 21 14 13 17 4294967295 4156174 4156175 4156172 4156172 4156174 0 5 8 25 31 29 5 30 3 20 9 2 24 4 27 1 19 18 11 10 28 7
v 0 0.850651 0.525731 0.553574 1.5708 28 18 17 27 13 4294967295 4156172 4156174 4156174 4156172 4156175 0 5 26 10 7 6 23 16 19 2 24 9 20 11 14 0 25 21 8 22 4 3
v -0.525731 0 0.850651 1.01722 3.14159 19 18 20 13 14 4294967295 4156175 4156174 4156174 4156172 4156172 0 5 11 3 30 10 23 26 28 12 1 6 7 27 17 0 31 22 5 21 9 8
v 0 -0.850651 0.525731 0.553574 -1.5708 31 30 20 14 22 4294967295 4156172 4156172 4156174 4156175 4156174 0 5 29 5 25 4 8 15 21 0 12 11 23 19 2 6 10 18 13 1 17 9
v 0.525731 0 -0.850651 -1.01722 0 25 24 16 15 29 4294967295 4156175 4156174 4156172 4156172 4156174 0 5 21 9 17 0 8 22 27 7 31 5 28 1 26 6 10 23 12 11 30 3
v 0 -0.850651 -0.525731 -0.553574 -1.5708 12 29 15 30 31 4294967295 4156174 4156174 4156175 4156172 4156172 0 5 11 23 19 20 10 26 6 3 16 4 8 22 25 21 9 24 7 2 14 0
v -0.525731 0 -0.850651 -1.01722 3.14159 26 12 15 23 16 4294967295 4156174 4156174 4156172 4156175 4156172 0 5 10 19 28 18 7 27 1 24 11 4 30 20 5 31 3 29 25 8 2 9
v 0 0.850651 -0.525731 -0.553574 1.5708 26 16 24 27 28 4294967295 4156174 4156175 4156174 4156172 4156172 0 5 10 23 19 18 1 6 12 15 11 4 9 25 5 29 17 21 8 0 13 2
v 0.850651 -0.525731 0 0 -0.553574 25 31 29 22 21 4294967295 4156172 4156175 4156174 4156174 4156172 0 5 9 17 0 27 24 7 16 4 5 15 3 14 12 30 11 20 6 2 13 1
v 0.850651 0.525731 0 0 0.553574 25 27 21 24 17 4294967295 4156172 4156175 4156172 4156174 4156174 0 5 0 8 22 7 16 4 31 29 5 15 1 13 26 28 10 18 14 3 6 2
v -0.850651 0.525731 0 0 2.58802 23 26 19 28 18 4294967295 4156172 4156174 4156172 4156175 4156174 0 5 11 30 12 20 2 6 15 5 7 16 27 1 24 4 3 14 13 9 17 0
v -0.850651 -0.525731 0 0 -2.58802 23 30 12 19 20 4294967295 4156172 4156175 4156174 4156172 4156174 0 5 10 26 28 18 2 6 15 5 7 16 3 14 29 31 8 22 4 1 13 0
v -0.57735 -0.57735 -0.57735 -0.61548 -2.35619 11 23 30 6 15 5 4156174 4649094 4649094 4156174 4649094 4156174 6 10 19 26 20 31 3 18 2 14 28 7 16 29 8 22 4 24 25
v 0 0.356822 0.934172 1.20593 1.5708 18 2 1 14 0 17 4649094 4156172 4156175 4649095 4156172 4649094 6 19 20 10 11 23 26 28 7 27 3 30 22 9 21 24 31 8 25
v 0 -0.356822 0.934172 1.20593 -1.5708 3 22 2 20 13 0 4156175 4649094 4156172 4649094 4649095 4156172 6 31 29 8 5 30 11 12 19 21 25 9 17 10 18 23 28 1 27
v 0 -0.356822 -0.934172 -1.20593 -1.5708 6 16 12 5 4 29 4156172 4649095 4649094 4156175 4156172 4649094 6 26 10 28 7 23 11 30 19 24 27 9 25 20 31 3 8 22 21
v 0 0.356822 -0.934172 -1.20593 1.5708 26 7 24 6 15 4 4649094 4156175 4649094 4156172 4649095 4156172 6 10 23 19 28 18 27 1 12 11 9 25 17 21 8 29 30 5 31
v 0.57735 0.57735 0.57735 0.61548 0.785398 9 1 21 0 27 13 4156174 4156174 4649094 4156174 4649094 4649094 6 25 24 8 29 4 7 28 22 16 26 10 18 19 2 14 31 3 20
v -0.57735 0.57735 0.57735 0.61548 2.35619 19 10 28 2 1 13 4649094 4156174 4649094 4156174 4156174 4649094 6 20 11 3 30 14 23 26 12 6 7 16 27 24 9 17 0 22 21
v -0.934172 0 0.356822 0.364864 3.14159 20 10 11 18 23 2 4649094 4156172 4156172 4649094 4649095 4156175 6 30 12 3 31 14 22 5 13 0 26 6 28 7 16 27 1 15 17
v -0.57735 -0.57735 0.57735 0.61548 -2.35619 11 19 3 30 2 14 4156174 4649094 4156174 4649094 4156174 4649094 6 23 10 12 26 6 5 31 15 18 28 1 13 29 8 22 0 21 17
v 0.934172 0 0.356822 0.364864 0 25 9 17 0 8 22 4649095 4156172 4649094 4156175 4156172 4649094 6 27 24 7 16 4 31 29 5 15 28 1 13 18 14 2 3 20 30
v 0.57735 -0.57735 0.57735 0.61548 -0.785398 8 31 3 21 14 0 4156174 4649094 4156174 4649094 4649094 4156174 6 25 9 24 29 4 5 30 15 17 12 11 20 19 2 13 27 1 18
v -0.934172 0 -0.356822 -0.364864 3.14159 11 10 19 12 26 6 4156172 4156172 4649095 4649094 4649094 4156175 6 30 20 5 31 3 15 18 2 14 28 7 16 27 1 13 4 29 24
v 0.57735 0.57735 -0.57735 -0.61548 0.785398 27 7 9 16 25 4 4649094 4156174 4156174 4649094 4649094 4156174 6 21 17 1 0 13 26 28 10 18 6 23 15 8 29 22 12 5 31
v 0.934172 0 -0.356822 -0.364864 0 21 9 24 8 29 4 4649095 4156172 4649094 4156172 4649094 4156175 6 27 17 1 0 13 22 14 31 3 7 28 16 26 6 15 5 30 12
v -0.57735 0.57735 -0.57735 -0.61548 2.35619 10 28 7 6 23 16 4156174 4649094 4156174 4156174 4649094 4649094 6 11 19 12 20 18 2 27 1 13 24 9 17 15 4 25 30 5 29
v 0.356822 0.934172 0 0 1.20593 9 24 17 7 28 1 4156175 4649094 4649094 4156172 4649095 4156172 6 25 21 8 29 4 0 22 16 13 26 6 15 18 14 2 10 23 19
v -0.356822 0.934172 0 0 1.93566 26 10 18 7 27 1 4649094 4156175 4649094 4156172 4649095 4156172 6 23 19 16 24 6 12 15 11 4 20 2 13 14 17 0 9 25 21
v 0.57735 -0.57735 -0.57735 -0.61548 -0.785398 31 5 25 4 8 15 4649094 4156174 4649094 4156174 4156174 4649094 6 22 21 3 14 0 12 30 11 20 23 6 16 9 17 27 24 7 26
v -0.356822 -0.934172 0 0 -1.93566 11 20 12 5 31 3 4156175 4649094 4649094 4156172 4649095 4156172 6 23 10 19 26 6 15 18 2 14 22 13 0 16 4 29 25 8 21
v 0.356822 -0.934172 0 0 -1.20593 29 8 22 5 30 3 4649094 4156175 4649094 4156172 4649095 4156172 6 12 15 25 21 9 24 4 16 6 14 0 17 20 2 13 11 23 19
# 60 Faces
f 18 14 1
f 14 18 2
f 1 14 15
f 3 15 14
f 1 15 23
f 4 23 15
f 23 22 1
f 22 23 9
f 22 18 1
f 18 22 10
f 19 14 2
f 14 19 3
f 2 28 29
f 8 29 28
f 2 18 28
f 10 28 18
f 29 19 2
f 19 29 11
f 21 15 3
f 15 21 4
f 3 19 20
f 11 20 19
f 3 20 21
f 12 21 20
f 4 31 32
f 6 32 31
f 32 23 4
f 23 32 9
f 4 21 31
f 12 31 21
f 30 16 5
f 16 30 6
f 5 16 17
f 7 17 16
f 5 17 25
f 8 25 17
f 5 26 30
f 9 30 26
f 5 25 26
f 10 26 25
f 6 13 16
f 7 16 13
f 6 30 32
f 9 32 30
f 31 13 6
f 13 31 12
f 27 17 7
f 17 27 8
f 7 24 27
f 11 27 24
f 7 13 24
f 12 24 13
f 28 25 8
f 25 28 10
f 8 27 29
f 11 29 27
f 26 22 9
f 22 26 10
f 24 20 11
f 20 24 12
